Week, difference, region, region_id, trend, value
2020-12, , Bremen, 4, , 8.2
2020-13, -8.2, Bremen, 4, -0.2733, 
2020-14, , Bremen, 4, , 
2020-15, , Bremen, 4, , 
2020-16, , Bremen, 4, , 
2020-17, , Bremen, 4, , 
2020-18, 2.9, Bremen, 4, 0.0653, 2.9
2020-19, -2.9, Bremen, 4, -0.0967, 
2020-20, , Bremen, 4, , 
2020-21, , Bremen, 4, , 
2020-22, , Bremen, 4, , 
2020-23, , Bremen, 4, , 
2020-24, , Bremen, 4, , 
2020-25, , Bremen, 4, , 
2020-26, , Bremen, 4, , 
2020-27, , Bremen, 4, , 
2020-28, , Bremen, 4, , 
2020-29, , Bremen, 4, , 
2020-30, , Bremen, 4, , 
2020-31, , Bremen, 4, , 
2020-32, 0.5, Bremen, 4, 0.0113, 0.5
2020-33, -0.3, Bremen, 4, -0.01, 0.2
2020-34, 0.1, Bremen, 4, 0.0023, 0.3
2020-35, 0.2, Bremen, 4, 0.0045, 0.5
2020-36, 0.1, Bremen, 4, 0.0023, 0.6
2020-37, 0.3, Bremen, 4, 0.0068, 0.9
2020-38, -0.9, Bremen, 4, -0.03, 
2020-39, 2.7, Bremen, 4, 0.0608, 2.7
2020-40, -1.2, Bremen, 4, -0.04, 1.5
2020-41, 2.4, Bremen, 4, 0.0541, 3.9
2020-42, -1.2, Bremen, 4, -0.04, 2.7
2020-43, 2.9, Bremen, 4, 0.0653, 5.6
2020-44, -2.4, Bremen, 4, -0.08, 3.2
2020-45, 0.8, Bremen, 4, 0.018, 4
2020-46, 2.4, Bremen, 4, 0.0541, 6.4
2020-47, -2.1, Bremen, 4, -0.07, 4.3
2020-48, -2.2, Bremen, 4, -0.0733, 2.1
2020-49, 1.9, Bremen, 4, 0.0428, 4
2020-50, 1.7, Bremen, 4, 0.0383, 5.7
2020-51, 5.4, Bremen, 4, 0.1216, 11.1
2020-52, -6.6, Bremen, 4, -0.22, 4.5
2020-53, 2.2, Bremen, 4, 0.0495, 6.7
2021-01, 2.6, Bremen, 4, 0.0586, 9.3
2021-02, -9.3, Bremen, 4, -0.31, 
2021-03, 8.9, Bremen, 4, 0.2005, 8.9
2021-04, -3.8, Bremen, 4, -0.1267, 5.1
2021-05, 0.2, Bremen, 4, 0.0045, 5.3
2021-06, -1, Bremen, 4, -0.0333, 4.3
2021-07, 1.8, Bremen, 4, 0.0405, 6.1
2021-08, -4.2, Bremen, 4, -0.14, 1.9
2021-09, 8.1, Bremen, 4, 0.1824, 10
2021-10, 0.2, Bremen, 4, 0.0045, 10.2
2021-11, 4.7, Bremen, 4, 0.1059, 14.9
2021-12, 3.5, Bremen, 4, 0.0788, 18.4
2021-13, -6.4, Bremen, 4, -0.2133, 12
2021-14, 6.8, Bremen, 4, 0.1532, 18.8
2021-15, -1.3, Bremen, 4, -0.0433, 17.5
2021-16, -13.2, Bremen, 4, -0.44, 4.3
2021-17, -1.4, Bremen, 4, -0.0467, 2.9
2021-18, 8.9, Bremen, 4, 0.2005, 11.8
2021-19, 4.9, Bremen, 4, 0.1104, 16.7
2021-20, -5.8, Bremen, 4, -0.1933, 10.9
2021-21, -10.9, Bremen, 4, -0.3633, 
2021-22, 13.4, Bremen, 4, 0.3018, 13.4
2021-23, -2.8, Bremen, 4, -0.0933, 10.6
2021-24, -10.6, Bremen, 4, -0.3533, 
2021-25, , Bremen, 4, , 
2021-26, , Bremen, 4, , 
2021-27, 5.3, Bremen, 4, 0.1194, 5.3
2021-28, -5.3, Bremen, 4, -0.1767, 
2021-29, , Bremen, 4, , 
2021-30, , Bremen, 4, , 
2021-31, , Bremen, 4, , 
2021-32, 14.3, Bremen, 4, 0.3221, 14.3
2021-33, , Bremen, 4, , 14.3
2021-34, -2.5, Bremen, 4, -0.0833, 11.8
2021-35, -4.1, Bremen, 4, -0.1367, 7.7
2021-36, 7.1, Bremen, 4, 0.1599, 14.8
2021-37, 3.4, Bremen, 4, 0.0766, 18.2
2021-38, -11, Bremen, 4, -0.3667, 7.2
2021-39, 12.8, Bremen, 4, 0.2883, 20
2021-40, -7.5, Bremen, 4, -0.25, 12.5
2021-41, -8.7, Bremen, 4, -0.29, 3.8
2021-42, -3.8, Bremen, 4, -0.1267, 
2021-43, 12, Bremen, 4, 0.2703, 12
2021-44, -8.9, Bremen, 4, -0.2967, 3.1
2021-45, 3.4, Bremen, 4, 0.0766, 6.5
2021-46, 1.2, Bremen, 4, 0.027, 7.7
2021-47, 3, Bremen, 4, 0.0676, 10.7
2021-48, 3.7, Bremen, 4, 0.0833, 14.4
2021-49, 7.5, Bremen, 4, 0.1689, 21.9
2021-50, 3.8, Bremen, 4, 0.0856, 25.7
2021-51, -3.7, Bremen, 4, -0.1233, 22
2021-52, 35.1, Bremen, 4, 0.7905, 57.1
2022-01, -3.4, Bremen, 4, -0.1133, 53.7
2022-02, 4.4, Bremen, 4, 0.0991, 58.1
2022-03, 3.9, Bremen, 4, 0.0878, 62
2022-04, 2.2, Bremen, 4, 0.0495, 64.2
2022-05, -2.1, Bremen, 4, -0.07, 62.1
2022-06, 5.4, Bremen, 4, 0.1216, 67.5
2022-07, 2.1, Bremen, 4, 0.0473, 69.6
2022-08, -1, Bremen, 4, -0.0333, 68.6
2022-09, 5.3, Bremen, 4, 0.1194, 73.9
2022-10, 9.5, Bremen, 4, 0.214, 83.4
2022-11, -5.2, Bremen, 4, -0.1733, 78.2
2022-12, 3.3, Bremen, 4, 0.0743, 81.5
2022-13, -0.1, Bremen, 4, -0.0033, 81.4
2022-14, 2.9, Bremen, 4, 0.0653, 84.3
2022-15, 6.6, Bremen, 4, 0.1486, 90.9
2022-16, -5.6, Bremen, 4, -0.1867, 85.3
2022-17, -7.6, Bremen, 4, -0.2533, 77.7
2022-18, 5.7, Bremen, 4, 0.1284, 83.4
2022-19, 3.6, Bremen, 4, 0.0811, 87
2022-20, -3.6, Bremen, 4, -0.12, 83.4
2022-21, -7.3, Bremen, 4, -0.2433, 76.1
2022-22, 11.9, Bremen, 4, 0.268, 88
2022-23, -1.5, Bremen, 4, -0.05, 86.5
2022-24, 1.3, Bremen, 4, 0.0293, 87.8
2022-25, 4.7, Bremen, 4, 0.1059, 92.5
2022-26, -2.2, Bremen, 4, -0.0733, 90.3
2022-27, 1, Bremen, 4, 0.0225, 91.3
2022-28, , Bremen, 4, , 91.3
2022-29, 1.2, Bremen, 4, 0.027, 92.5
2022-30, -3.5, Bremen, 4, -0.1167, 89
2022-31, -2.6, Bremen, 4, -0.0867, 86.4
2022-32, 1.3, Bremen, 4, 0.0293, 87.7
2022-33, -3.3, Bremen, 4, -0.11, 84.4
2022-34, 4.7, Bremen, 4, 0.1059, 89.1
2022-35, -0.5, Bremen, 4, -0.0167, 88.6
2022-36, -2.8, Bremen, 4, -0.0933, 85.8
2022-37, -4.5, Bremen, 4, -0.15, 81.3
2022-38, 1.8, Bremen, 4, 0.0405, 83.1
2022-39, 7.8, Bremen, 4, 0.1757, 90.9
2022-40, 0.8, Bremen, 4, 0.018, 91.7
2022-41, -3.3, Bremen, 4, -0.11, 88.4
2022-42, 3.3, Bremen, 4, 0.0743, 91.7
2022-43, -1.4, Bremen, 4, -0.0467, 90.3
2022-44, -8.3, Bremen, 4, -0.2767, 82
2022-45, -1, Bremen, 4, -0.0333, 81
2022-46, 1.3, Bremen, 4, 0.0293, 82.3
2022-47, 4, Bremen, 4, 0.0901, 86.3
2022-48, -0.7, Bremen, 4, -0.0233, 85.6
2022-49, -1.2, Bremen, 4, -0.04, 84.4
2022-50, 6, Bremen, 4, 0.1351, 90.4
2022-51, -1.8, Bremen, 4, -0.06, 88.6
2022-52, -0.7, Bremen, 4, -0.0233, 87.9
2023-01, -11.3, Bremen, 4, -0.3767, 76.6
2023-02, -3.3, Bremen, 4, -0.11, 73.3
2023-03, 2.6, Bremen, 4, 0.0586, 75.9
2023-04, -8, Bremen, 4, -0.2667, 67.9
2023-05, -2.4, Bremen, 4, -0.08, 65.5
2023-06, -1.7, Bremen, 4, -0.0567, 63.8
2023-07, 13.5, Bremen, 4, 0.3041, 77.3
2023-08, 3.3, Bremen, 4, 0.0743, 80.6
2023-09, -15.4, Bremen, 4, -0.5133, 65.2
2023-10, -25.2, Bremen, 4, -0.84, 40
2023-11, 31.5, Bremen, 4, 0.7095, 71.5
2023-12, , Bremen, 4, , 71.5
2023-13, -7.8, Bremen, 4, -0.26, 63.7
2023-14, 19.7, Bremen, 4, 0.4437, 83.4
2023-15, -27.8, Bremen, 4, -0.9267, 55.6
2023-16, 44.4, Bremen, 4, 1, 100
2023-17, -20, Bremen, 4, -0.6667, 80
2023-18, -30, Bremen, 4, -1, 50
