Altersgruppe, Week, difference, trend, value
>=80, 2020-W11, , , 3
>=80, 2020-W12, 38, 0.1083, 41
>=80, 2020-W13, 167, 0.4758, 208
>=80, 2020-W14, 365, 1.0399, 573
>=80, 2020-W15, 267, 0.7607, 840
>=80, 2020-W16, 198, 0.5641, 1038
>=80, 2020-W17, -154, -0.7163, 884
>=80, 2020-W18, -233, -1.0837, 651
>=80, 2020-W19, -184, -0.8558, 467
>=80, 2020-W20, -159, -0.7395, 308
>=80, 2020-W21, -108, -0.5023, 200
>=80, 2020-W22, -46, -0.214, 154
>=80, 2020-W23, -50, -0.2326, 104
>=80, 2020-W24, -48, -0.2233, 56
>=80, 2020-W25, 3, 0.0085, 59
>=80, 2020-W26, -16, -0.0744, 43
>=80, 2020-W27, -14, -0.0651, 29
>=80, 2020-W28, -8, -0.0372, 21
>=80, 2020-W29, -8, -0.0372, 13
>=80, 2020-W30, 8, 0.0228, 21
>=80, 2020-W31, -8, -0.0372, 13
>=80, 2020-W32, 17, 0.0484, 30
>=80, 2020-W33, -10, -0.0465, 20
>=80, 2020-W34, 7, 0.0199, 27
>=80, 2020-W35, -15, -0.0698, 12
>=80, 2020-W36, -2, -0.0093, 10
>=80, 2020-W37, -2, -0.0093, 8
>=80, 2020-W38, 8, 0.0228, 16
>=80, 2020-W39, 25, 0.0712, 41
>=80, 2020-W40, 8, 0.0228, 49
>=80, 2020-W41, , , 49
>=80, 2020-W42, 59, 0.1681, 108
>=80, 2020-W43, 70, 0.1994, 178
>=80, 2020-W44, 134, 0.3818, 312
>=80, 2020-W45, 239, 0.6809, 551
>=80, 2020-W46, 298, 0.849, 849
>=80, 2020-W47, 209, 0.5954, 1058
>=80, 2020-W48, 384, 1.094, 1442
>=80, 2020-W49, 434, 1.2365, 1876
>=80, 2020-W50, 252, 0.7179, 2128
>=80, 2020-W51, 917, 2.6125, 3045
>=80, 2020-W52, -370, -1.7209, 2675
>=80, 2020-W53, 553, 1.5755, 3228
>=80, 2021-W01, 1148, 3.2707, 4376
>=80, 2021-W02, -21, -0.0977, 4355
>=80, 2021-W03, -501, -2.3302, 3854
>=80, 2021-W04, -245, -1.1395, 3609
>=80, 2021-W05, -441, -2.0512, 3168
>=80, 2021-W06, -782, -3.6372, 2386
>=80, 2021-W07, -381, -1.7721, 2005
>=80, 2021-W08, -459, -2.1349, 1546
>=80, 2021-W09, -367, -1.707, 1179
>=80, 2021-W10, -223, -1.0372, 956
>=80, 2021-W11, -188, -0.8744, 768
>=80, 2021-W12, -79, -0.3674, 689
>=80, 2021-W13, -41, -0.1907, 648
>=80, 2021-W14, 81, 0.2308, 729
>=80, 2021-W15, 70, 0.1994, 799
>=80, 2021-W16, -3, -0.014, 796
>=80, 2021-W17, -52, -0.2419, 744
>=80, 2021-W18, 21, 0.0598, 765
>=80, 2021-W19, -148, -0.6884, 617
>=80, 2021-W20, -76, -0.3535, 541
>=80, 2021-W21, -82, -0.3814, 459
>=80, 2021-W22, -86, -0.4, 373
>=80, 2021-W23, -101, -0.4698, 272
>=80, 2021-W24, -6, -0.0279, 266
>=80, 2021-W25, -109, -0.507, 157
>=80, 2021-W26, -40, -0.186, 117
>=80, 2021-W27, -32, -0.1488, 85
>=80, 2021-W28, -37, -0.1721, 48
>=80, 2021-W29, 37, 0.1054, 85
>=80, 2021-W30, -33, -0.1535, 52
>=80, 2021-W31, 11, 0.0313, 63
>=80, 2021-W32, -22, -0.1023, 41
>=80, 2021-W33, 13, 0.037, 54
>=80, 2021-W34, 20, 0.057, 74
>=80, 2021-W35, 54, 0.1538, 128
>=80, 2021-W36, 15, 0.0427, 143
>=80, 2021-W37, 63, 0.1795, 206
>=80, 2021-W38, -13, -0.0605, 193
>=80, 2021-W39, 5, 0.0142, 198
>=80, 2021-W40, 21, 0.0598, 219
>=80, 2021-W41, 11, 0.0313, 230
>=80, 2021-W42, 74, 0.2108, 304
>=80, 2021-W43, 85, 0.2422, 389
>=80, 2021-W44, 100, 0.2849, 489
>=80, 2021-W45, 268, 0.7635, 757
>=80, 2021-W46, 104, 0.2963, 861
>=80, 2021-W47, 261, 0.7436, 1122
>=80, 2021-W48, 200, 0.5698, 1322
>=80, 2021-W49, 265, 0.755, 1587
>=80, 2021-W50, -141, -0.6558, 1446
>=80, 2021-W51, -240, -1.1163, 1206
>=80, 2021-W52, -261, -1.214, 945
>=80, 2022-W01, 90, 0.2564, 1035
>=80, 2022-W02, -139, -0.6465, 896
>=80, 2022-W03, -343, -1.5953, 553
>=80, 2022-W04, 26, 0.0741, 579
>=80, 2022-W05, -22, -0.1023, 557
>=80, 2022-W06, 201, 0.5726, 758
>=80, 2022-W07, 133, 0.3789, 891
>=80, 2022-W08, 37, 0.1054, 928
>=80, 2022-W09, 21, 0.0598, 949
>=80, 2022-W10, 59, 0.1681, 1008
>=80, 2022-W11, -106, -0.493, 902
>=80, 2022-W12, 156, 0.4444, 1058
>=80, 2022-W13, 12, 0.0342, 1070
>=80, 2022-W14, 33, 0.094, 1103
>=80, 2022-W15, -260, -1.2093, 843
>=80, 2022-W16, -14, -0.0651, 829
>=80, 2022-W17, 60, 0.1709, 889
>=80, 2022-W18, -152, -0.707, 737
>=80, 2022-W19, -93, -0.4326, 644
>=80, 2022-W20, -82, -0.3814, 562
>=80, 2022-W21, -215, -1, 347
>=80, 2022-W22, -17, -0.0791, 330
>=80, 2022-W23, -68, -0.3163, 262
>=80, 2022-W24, -33, -0.1535, 229
>=80, 2022-W25, 122, 0.3476, 351
>=80, 2022-W26, 10, 0.0285, 361
>=80, 2022-W27, 8, 0.0228, 369
>=80, 2022-W28, 74, 0.2108, 443
>=80, 2022-W29, 8, 0.0228, 451
>=80, 2022-W30, 98, 0.2792, 549
>=80, 2022-W31, 62, 0.1766, 611
>=80, 2022-W32, -18, -0.0837, 593
>=80, 2022-W33, 2, 0.0057, 595
>=80, 2022-W34, -178, -0.8279, 417
>=80, 2022-W35, 22, 0.0627, 439
>=80, 2022-W36, -79, -0.3674, 360
>=80, 2022-W37, 62, 0.1766, 422
>=80, 2022-W38, -66, -0.307, 356
>=80, 2022-W39, 66, 0.188, 422
>=80, 2022-W40, -88, -0.4093, 334
>=80, 2022-W41, 295, 0.8405, 629
>=80, 2022-W42, 101, 0.2877, 730
>=80, 2022-W43, 28, 0.0798, 758
>=80, 2022-W44, -85, -0.3953, 673
>=80, 2022-W45, 59, 0.1681, 732
>=80, 2022-W46, -1, -0.0047, 731
>=80, 2022-W47, -111, -0.5163, 620
>=80, 2022-W48, -152, -0.707, 468
>=80, 2022-W49, 89, 0.2536, 557
>=80, 2022-W50, 79, 0.2251, 636
>=80, 2022-W51, -42, -0.1953, 594
>=80, 2022-W52, -110, -0.5116, 484
>=80, 2023-W01, 351, 1, 835
>=80, 2023-W02, -88, -0.4093, 747
>=80, 2023-W03, -103, -0.4791, 644
>=80, 2023-W04, -152, -0.707, 492
>=80, 2023-W05, -71, -0.3302, 421
>=80, 2023-W06, 8, 0.0228, 429
>=80, 2023-W07, -58, -0.2698, 371
>=80, 2023-W08, -10, -0.0465, 361
>=80, 2023-W09, 36, 0.1026, 397
>=80, 2023-W10, 70, 0.1994, 467
>=80, 2023-W11, -63, -0.293, 404
>=80, 2023-W12, 39, 0.1111, 443
>=80, 2023-W13, 18, 0.0513, 461
>=80, 2023-W14, -189, -0.8791, 272
>=80, 2023-W15, 123, 0.3504, 395
>=80, 2023-W16, -17, -0.0791, 378
>=80, 2023-W17, -32, -0.1488, 346
>=80, 2023-W18, -120, -0.5581, 226
>=80, 2023-W19, 45, 0.1282, 271
>=80, 2023-W20, -143, -0.6651, 128
