Week, difference, region, region_id, trend, value
2020-12, , Hamburg, 2, , 6.4
2020-13, 2.6, Hamburg, 2, 0.1074, 9
2020-14, 2.2, Hamburg, 2, 0.0909, 11.2
2020-15, 0.1, Hamburg, 2, 0.0041, 11.3
2020-16, -5.1, Hamburg, 2, -0.4397, 6.2
2020-17, -3.8, Hamburg, 2, -0.3276, 2.4
2020-18, -0.5, Hamburg, 2, -0.0431, 1.9
2020-19, -0.7, Hamburg, 2, -0.0603, 1.2
2020-20, -0.8, Hamburg, 2, -0.069, 0.4
2020-21, -0.2, Hamburg, 2, -0.0172, 0.2
2020-22, -0.2, Hamburg, 2, -0.0172, 
2020-23, , Hamburg, 2, , 
2020-24, 0.3, Hamburg, 2, 0.0124, 0.3
2020-25, -0.3, Hamburg, 2, -0.0259, 
2020-26, 0.1, Hamburg, 2, 0.0041, 0.1
2020-27, 0.1, Hamburg, 2, 0.0041, 0.2
2020-28, , Hamburg, 2, , 0.2
2020-29, , Hamburg, 2, , 0.2
2020-30, 0.1, Hamburg, 2, 0.0041, 0.3
2020-31, 0.1, Hamburg, 2, 0.0041, 0.4
2020-32, 0.2, Hamburg, 2, 0.0083, 0.6
2020-33, -0.2, Hamburg, 2, -0.0172, 0.4
2020-34, -0.1, Hamburg, 2, -0.0086, 0.3
2020-35, 0.1, Hamburg, 2, 0.0041, 0.4
2020-36, 0.2, Hamburg, 2, 0.0083, 0.6
2020-37, 0.1, Hamburg, 2, 0.0041, 0.7
2020-38, 0.1, Hamburg, 2, 0.0041, 0.8
2020-39, -0.2, Hamburg, 2, -0.0172, 0.6
2020-40, 0.3, Hamburg, 2, 0.0124, 0.9
2020-41, 0.6, Hamburg, 2, 0.0248, 1.5
2020-42, , Hamburg, 2, , 1.5
2020-43, 1.5, Hamburg, 2, 0.062, 3
2020-44, 1.2, Hamburg, 2, 0.0496, 4.2
2020-45, 0.2, Hamburg, 2, 0.0083, 4.4
2020-46, 0.8, Hamburg, 2, 0.0331, 5.2
2020-47, 0.4, Hamburg, 2, 0.0165, 5.6
2020-48, -1, Hamburg, 2, -0.0862, 4.6
2020-49, 0.5, Hamburg, 2, 0.0207, 5.1
2020-50, 0.3, Hamburg, 2, 0.0124, 5.4
2020-51, 0.2, Hamburg, 2, 0.0083, 5.6
2020-52, 1, Hamburg, 2, 0.0413, 6.6
2020-53, 10.9, Hamburg, 2, 0.4504, 17.5
2021-01, -9, Hamburg, 2, -0.7759, 8.5
2021-02, -2.3, Hamburg, 2, -0.1983, 6.2
2021-03, 3.8, Hamburg, 2, 0.157, 10
2021-04, -0.7, Hamburg, 2, -0.0603, 9.3
2021-05, -0.5, Hamburg, 2, -0.0431, 8.8
2021-06, -0.4, Hamburg, 2, -0.0345, 8.4
2021-07, 0.3, Hamburg, 2, 0.0124, 8.7
2021-08, -0.1, Hamburg, 2, -0.0086, 8.6
2021-09, 1.2, Hamburg, 2, 0.0496, 9.8
2021-10, 2.7, Hamburg, 2, 0.1116, 12.5
2021-11, -0.1, Hamburg, 2, -0.0086, 12.4
2021-12, 1.1, Hamburg, 2, 0.0455, 13.5
2021-13, 0.4, Hamburg, 2, 0.0165, 13.9
2021-14, 1.5, Hamburg, 2, 0.062, 15.4
2021-15, -1.8, Hamburg, 2, -0.1552, 13.6
2021-16, -1.7, Hamburg, 2, -0.1466, 11.9
2021-17, -0.6, Hamburg, 2, -0.0517, 11.3
2021-18, -1.1, Hamburg, 2, -0.0948, 10.2
2021-19, -2.6, Hamburg, 2, -0.2241, 7.6
2021-20, -2.1, Hamburg, 2, -0.181, 5.5
2021-21, 0.7, Hamburg, 2, 0.0289, 6.2
2021-22, -2.5, Hamburg, 2, -0.2155, 3.7
2021-23, 0.1, Hamburg, 2, 0.0041, 3.8
2021-24, -0.5, Hamburg, 2, -0.0431, 3.3
2021-25, -1, Hamburg, 2, -0.0862, 2.3
2021-26, , Hamburg, 2, , 2.3
2021-27, 1, Hamburg, 2, 0.0413, 3.3
2021-28, 2.8, Hamburg, 2, 0.1157, 6.1
2021-29, 2.4, Hamburg, 2, 0.0992, 8.5
2021-30, 0.9, Hamburg, 2, 0.0372, 9.4
2021-31, 4.1, Hamburg, 2, 0.1694, 13.5
2021-32, 3.6, Hamburg, 2, 0.1488, 17.1
2021-33, -4.4, Hamburg, 2, -0.3793, 12.7
2021-34, 2.7, Hamburg, 2, 0.1116, 15.4
2021-35, 0.1, Hamburg, 2, 0.0041, 15.5
2021-36, -0.6, Hamburg, 2, -0.0517, 14.9
2021-37, -3.5, Hamburg, 2, -0.3017, 11.4
2021-38, 0.7, Hamburg, 2, 0.0289, 12.1
2021-39, 0.3, Hamburg, 2, 0.0124, 12.4
2021-40, -0.2, Hamburg, 2, -0.0172, 12.2
2021-41, 2.4, Hamburg, 2, 0.0992, 14.6
2021-42, 0.5, Hamburg, 2, 0.0207, 15.1
2021-43, 1.9, Hamburg, 2, 0.0785, 17
2021-44, 0.1, Hamburg, 2, 0.0041, 17.1
2021-45, -0.3, Hamburg, 2, -0.0259, 16.8
2021-46, 3.1, Hamburg, 2, 0.1281, 19.9
2021-47, 1.9, Hamburg, 2, 0.0785, 21.8
2021-48, -2, Hamburg, 2, -0.1724, 19.8
2021-49, 2.4, Hamburg, 2, 0.0992, 22.2
2021-50, 3.8, Hamburg, 2, 0.157, 26
2021-51, 5.5, Hamburg, 2, 0.2273, 31.5
2021-52, 14, Hamburg, 2, 0.5785, 45.5
2022-01, -3.6, Hamburg, 2, -0.3103, 41.9
2022-02, 4, Hamburg, 2, 0.1653, 45.9
2022-03, 9.5, Hamburg, 2, 0.3926, 55.4
2022-04, -0.5, Hamburg, 2, -0.0431, 54.9
2022-05, -4.1, Hamburg, 2, -0.3534, 50.8
2022-06, -3.3, Hamburg, 2, -0.2845, 47.5
2022-07, -3.2, Hamburg, 2, -0.2759, 44.3
2022-08, -0.3, Hamburg, 2, -0.0259, 44
2022-09, 2.3, Hamburg, 2, 0.095, 46.3
2022-10, 4.8, Hamburg, 2, 0.1983, 51.1
2022-11, 2.3, Hamburg, 2, 0.095, 53.4
2022-12, 2.9, Hamburg, 2, 0.1198, 56.3
2022-13, -3.7, Hamburg, 2, -0.319, 52.6
2022-14, 0.4, Hamburg, 2, 0.0165, 53
2022-15, 4.7, Hamburg, 2, 0.1942, 57.7
2022-16, -4.5, Hamburg, 2, -0.3879, 53.2
2022-17, -10, Hamburg, 2, -0.8621, 43.2
2022-18, -13.3, Hamburg, 2, -1.1466, 29.9
2022-19, -5.1, Hamburg, 2, -0.4397, 24.8
2022-20, -5.2, Hamburg, 2, -0.4483, 19.6
2022-21, -4.7, Hamburg, 2, -0.4052, 14.9
2022-22, 6.9, Hamburg, 2, 0.2851, 21.8
2022-23, 3.6, Hamburg, 2, 0.1488, 25.4
2022-24, 3.7, Hamburg, 2, 0.1529, 29.1
2022-25, 6.9, Hamburg, 2, 0.2851, 36
2022-26, -0.5, Hamburg, 2, -0.0431, 35.5
2022-27, -0.4, Hamburg, 2, -0.0345, 35.1
2022-28, -0.2, Hamburg, 2, -0.0172, 34.9
2022-29, -0.3, Hamburg, 2, -0.0259, 34.6
2022-30, -7.7, Hamburg, 2, -0.6638, 26.9
2022-31, -2.3, Hamburg, 2, -0.1983, 24.6
2022-32, -1.2, Hamburg, 2, -0.1034, 23.4
2022-33, -0.6, Hamburg, 2, -0.0517, 22.8
2022-34, -4.2, Hamburg, 2, -0.3621, 18.6
2022-35, -3.6, Hamburg, 2, -0.3103, 15
2022-36, -0.5, Hamburg, 2, -0.0431, 14.5
2022-37, 0.2, Hamburg, 2, 0.0083, 14.7
2022-38, 4.5, Hamburg, 2, 0.186, 19.2
2022-39, 4.4, Hamburg, 2, 0.1818, 23.6
2022-40, 2.2, Hamburg, 2, 0.0909, 25.8
2022-41, 1.6, Hamburg, 2, 0.0661, 27.4
2022-42, 1.8, Hamburg, 2, 0.0744, 29.2
2022-43, -3.1, Hamburg, 2, -0.2672, 26.1
2022-44, -6.3, Hamburg, 2, -0.5431, 19.8
2022-45, -1.1, Hamburg, 2, -0.0948, 18.7
2022-46, -4.1, Hamburg, 2, -0.3534, 14.6
2022-47, 5.8, Hamburg, 2, 0.2397, 20.4
2022-48, 0.7, Hamburg, 2, 0.0289, 21.1
2022-49, -0.1, Hamburg, 2, -0.0086, 21
2022-50, 2.8, Hamburg, 2, 0.1157, 23.8
2022-51, 5.7, Hamburg, 2, 0.2355, 29.5
2022-52, -1.4, Hamburg, 2, -0.1207, 28.1
2023-01, -9.5, Hamburg, 2, -0.819, 18.6
2023-02, -8.7, Hamburg, 2, -0.75, 9.9
2023-03, -0.5, Hamburg, 2, -0.0431, 9.4
2023-04, -1.2, Hamburg, 2, -0.1034, 8.2
2023-05, 1.3, Hamburg, 2, 0.0537, 9.5
2023-06, 0.1, Hamburg, 2, 0.0041, 9.6
2023-07, 0.1, Hamburg, 2, 0.0041, 9.7
2023-08, 1.1, Hamburg, 2, 0.0455, 10.8
2023-09, 9.7, Hamburg, 2, 0.4008, 20.5
2023-10, 24.2, Hamburg, 2, 1, 44.7
2023-11, 12.1, Hamburg, 2, 0.5, 56.8
2023-12, 1.3, Hamburg, 2, 0.0537, 58.1
2023-13, -11.6, Hamburg, 2, -1, 46.5
2023-14, 4.9, Hamburg, 2, 0.2025, 51.4
2023-15, -0.3, Hamburg, 2, -0.0259, 51.1
2023-16, 2.1, Hamburg, 2, 0.0868, 53.2
2023-17, -8.5, Hamburg, 2, -0.7328, 44.7
2023-18, -1.6, Hamburg, 2, -0.1379, 43.1
2023-19, 8.7, Hamburg, 2, 0.3595, 51.8
2023-20, -4, Hamburg, 2, -0.3448, 47.8
