Week, difference, region, region_id, trend, value
2020-W11, , Thüringen, 16, , 
2020-W12, , Thüringen, 16, , 
2020-W13, 5, Thüringen, 16, 0.1282, 5
2020-W14, , Thüringen, 16, , 5
2020-W15, 10, Thüringen, 16, 0.2564, 15
2020-W16, 14, Thüringen, 16, 0.359, 29
2020-W17, -9, Thüringen, 16, -0.1364, 20
2020-W18, -1, Thüringen, 16, -0.0152, 19
2020-W19, 5, Thüringen, 16, 0.1282, 24
2020-W20, -3, Thüringen, 16, -0.0455, 21
2020-W21, -7, Thüringen, 16, -0.1061, 14
2020-W22, -5, Thüringen, 16, -0.0758, 9
2020-W23, , Thüringen, 16, , 9
2020-W24, -5, Thüringen, 16, -0.0758, 4
2020-W25, , Thüringen, 16, , 4
2020-W26, -1, Thüringen, 16, -0.0152, 3
2020-W27, -3, Thüringen, 16, -0.0455, 
2020-W28, 1, Thüringen, 16, 0.0256, 1
2020-W29, -1, Thüringen, 16, -0.0152, 
2020-W30, , Thüringen, 16, , 
2020-W31, , Thüringen, 16, , 
2020-W32, 1, Thüringen, 16, 0.0256, 1
2020-W33, 2, Thüringen, 16, 0.0513, 3
2020-W34, -3, Thüringen, 16, -0.0455, 
2020-W35, , Thüringen, 16, , 
2020-W36, , Thüringen, 16, , 
2020-W37, 2, Thüringen, 16, 0.0513, 2
2020-W38, -1, Thüringen, 16, -0.0152, 1
2020-W39, , Thüringen, 16, , 1
2020-W40, , Thüringen, 16, , 1
2020-W41, -1, Thüringen, 16, -0.0152, 
2020-W42, 8, Thüringen, 16, 0.2051, 8
2020-W43, -6, Thüringen, 16, -0.0909, 2
2020-W44, 4, Thüringen, 16, 0.1026, 6
2020-W45, 6, Thüringen, 16, 0.1538, 12
2020-W46, 23, Thüringen, 16, 0.5897, 35
2020-W47, 4, Thüringen, 16, 0.1026, 39
2020-W48, 15, Thüringen, 16, 0.3846, 54
2020-W49, 15, Thüringen, 16, 0.3846, 69
2020-W50, 22, Thüringen, 16, 0.5641, 91
2020-W51, 71, Thüringen, 16, 1.8205, 162
2020-W52, -12, Thüringen, 16, -0.1818, 150
2020-W53, 44, Thüringen, 16, 1.1282, 194
2021-W01, 90, Thüringen, 16, 2.3077, 284
2021-W02, 31, Thüringen, 16, 0.7949, 315
2021-W03, -35, Thüringen, 16, -0.5303, 280
2021-W04, -8, Thüringen, 16, -0.1212, 272
2021-W05, -106, Thüringen, 16, -1.6061, 166
2021-W06, 53, Thüringen, 16, 1.359, 219
2021-W07, -57, Thüringen, 16, -0.8636, 162
2021-W08, -45, Thüringen, 16, -0.6818, 117
2021-W09, -32, Thüringen, 16, -0.4848, 85
2021-W10, 37, Thüringen, 16, 0.9487, 122
2021-W11, 12, Thüringen, 16, 0.3077, 134
2021-W12, -37, Thüringen, 16, -0.5606, 97
2021-W13, -3, Thüringen, 16, -0.0455, 94
2021-W14, 4, Thüringen, 16, 0.1026, 98
2021-W15, 56, Thüringen, 16, 1.4359, 154
2021-W16, -53, Thüringen, 16, -0.803, 101
2021-W17, 1, Thüringen, 16, 0.0256, 102
2021-W18, 9, Thüringen, 16, 0.2308, 111
2021-W19, -13, Thüringen, 16, -0.197, 98
2021-W20, 4, Thüringen, 16, 0.1026, 102
2021-W21, -42, Thüringen, 16, -0.6364, 60
2021-W22, -4, Thüringen, 16, -0.0606, 56
2021-W23, -27, Thüringen, 16, -0.4091, 29
2021-W24, -2, Thüringen, 16, -0.0303, 27
2021-W25, -12, Thüringen, 16, -0.1818, 15
2021-W26, -2, Thüringen, 16, -0.0303, 13
2021-W27, 2, Thüringen, 16, 0.0513, 15
2021-W28, -9, Thüringen, 16, -0.1364, 6
2021-W29, -3, Thüringen, 16, -0.0455, 3
2021-W30, 15, Thüringen, 16, 0.3846, 18
2021-W31, -15, Thüringen, 16, -0.2273, 3
2021-W32, 3, Thüringen, 16, 0.0769, 6
2021-W33, -2, Thüringen, 16, -0.0303, 4
2021-W34, -1, Thüringen, 16, -0.0152, 3
2021-W35, -1, Thüringen, 16, -0.0152, 2
2021-W36, -1, Thüringen, 16, -0.0152, 1
2021-W37, 1, Thüringen, 16, 0.0256, 2
2021-W38, 4, Thüringen, 16, 0.1026, 6
2021-W39, 3, Thüringen, 16, 0.0769, 9
2021-W40, 1, Thüringen, 16, 0.0256, 10
2021-W41, , Thüringen, 16, , 10
2021-W42, 16, Thüringen, 16, 0.4103, 26
2021-W43, 21, Thüringen, 16, 0.5385, 47
2021-W44, 12, Thüringen, 16, 0.3077, 59
2021-W45, 38, Thüringen, 16, 0.9744, 97
2021-W46, 35, Thüringen, 16, 0.8974, 132
2021-W47, 6, Thüringen, 16, 0.1538, 138
2021-W48, 61, Thüringen, 16, 1.5641, 199
2021-W49, 26, Thüringen, 16, 0.6667, 225
2021-W50, -38, Thüringen, 16, -0.5758, 187
2021-W51, 8, Thüringen, 16, 0.2051, 195
2021-W52, -47, Thüringen, 16, -0.7121, 148
2022-W01, 40, Thüringen, 16, 1.0256, 188
2022-W02, -11, Thüringen, 16, -0.1667, 177
2022-W03, -88, Thüringen, 16, -1.3333, 89
2022-W04, -36, Thüringen, 16, -0.5455, 53
2022-W05, -1, Thüringen, 16, -0.0152, 52
2022-W06, -1, Thüringen, 16, -0.0152, 51
2022-W07, -3, Thüringen, 16, -0.0455, 48
2022-W08, 11, Thüringen, 16, 0.2821, 59
2022-W09, -26, Thüringen, 16, -0.3939, 33
2022-W10, 14, Thüringen, 16, 0.359, 47
2022-W11, -4, Thüringen, 16, -0.0606, 43
2022-W12, 11, Thüringen, 16, 0.2821, 54
2022-W13, 21, Thüringen, 16, 0.5385, 75
2022-W14, , Thüringen, 16, , 75
2022-W15, -44, Thüringen, 16, -0.6667, 31
2022-W16, 57, Thüringen, 16, 1.4615, 88
2022-W17, -35, Thüringen, 16, -0.5303, 53
2022-W18, 5, Thüringen, 16, 0.1282, 58
2022-W19, -22, Thüringen, 16, -0.3333, 36
2022-W20, 39, Thüringen, 16, 1, 75
2022-W21, -66, Thüringen, 16, -1, 9
2022-W22, 9, Thüringen, 16, 0.2308, 18
2022-W23, 10, Thüringen, 16, 0.2564, 28
2022-W24, -10, Thüringen, 16, -0.1515, 18
2022-W25, -8, Thüringen, 16, -0.1212, 10
2022-W26, 4, Thüringen, 16, 0.1026, 14
2022-W27, 2, Thüringen, 16, 0.0513, 16
2022-W28, 1, Thüringen, 16, 0.0256, 17
2022-W29, 7, Thüringen, 16, 0.1795, 24
2022-W30, -3, Thüringen, 16, -0.0455, 21
2022-W31, 9, Thüringen, 16, 0.2308, 30
2022-W32, -8, Thüringen, 16, -0.1212, 22
2022-W33, 10, Thüringen, 16, 0.2564, 32
2022-W34, -8, Thüringen, 16, -0.1212, 24
2022-W35, -6, Thüringen, 16, -0.0909, 18
2022-W36, , Thüringen, 16, , 18
2022-W37, , Thüringen, 16, , 18
2022-W38, -6, Thüringen, 16, -0.0909, 12
2022-W39, 25, Thüringen, 16, 0.641, 37
2022-W40, -21, Thüringen, 16, -0.3182, 16
2022-W41, 18, Thüringen, 16, 0.4615, 34
2022-W42, 15, Thüringen, 16, 0.3846, 49
2022-W43, -5, Thüringen, 16, -0.0758, 44
2022-W44, -2, Thüringen, 16, -0.0303, 42
2022-W45, -11, Thüringen, 16, -0.1667, 31
2022-W46, -4, Thüringen, 16, -0.0606, 27
2022-W47, -8, Thüringen, 16, -0.1212, 19
2022-W48, -8, Thüringen, 16, -0.1212, 11
2022-W49, 17, Thüringen, 16, 0.4359, 28
2022-W50, 21, Thüringen, 16, 0.5385, 49
2022-W51, -3, Thüringen, 16, -0.0455, 46
2022-W52, -10, Thüringen, 16, -0.1515, 36
2023-W01, 22, Thüringen, 16, 0.5641, 58
2023-W02, -29, Thüringen, 16, -0.4394, 29
2023-W03, -6, Thüringen, 16, -0.0909, 23
2023-W04, 4, Thüringen, 16, 0.1026, 27
2023-W05, -20, Thüringen, 16, -0.303, 7
2023-W06, 19, Thüringen, 16, 0.4872, 26
2023-W07, -18, Thüringen, 16, -0.2727, 8
2023-W08, 2, Thüringen, 16, 0.0513, 10
2023-W09, 8, Thüringen, 16, 0.2051, 18
2023-W10, -2, Thüringen, 16, -0.0303, 16
2023-W11, 4, Thüringen, 16, 0.1026, 20
2023-W12, -10, Thüringen, 16, -0.1515, 10
2023-W13, 10, Thüringen, 16, 0.2564, 20
2023-W14, -14, Thüringen, 16, -0.2121, 6
2023-W15, 11, Thüringen, 16, 0.2821, 17
2023-W16, , Thüringen, 16, , 17
2023-W17, -6, Thüringen, 16, -0.0909, 11
