Week, difference, region, region_id, trend, value
2020-12, , Niedersachsen, 3, , 8800
2020-13, 3100, Niedersachsen, 3, 0.7045, 11900
2020-14, 300, Niedersachsen, 3, 0.0682, 12200
2020-15, -500, Niedersachsen, 3, -0.0909, 11700
2020-16, -1400, Niedersachsen, 3, -0.2545, 10300
2020-17, 2100, Niedersachsen, 3, 0.4773, 12400
2020-18, -800, Niedersachsen, 3, -0.1455, 11600
2020-19, 2200, Niedersachsen, 3, 0.5, 13800
2020-20, 1900, Niedersachsen, 3, 0.4318, 15700
2020-21, -1700, Niedersachsen, 3, -0.3091, 14000
2020-22, 2500, Niedersachsen, 3, 0.5682, 16500
2020-23, -1800, Niedersachsen, 3, -0.3273, 14700
2020-24, 1200, Niedersachsen, 3, 0.2727, 15900
2020-25, 400, Niedersachsen, 3, 0.0909, 16300
2020-26, -100, Niedersachsen, 3, -0.0182, 16200
2020-27, 1500, Niedersachsen, 3, 0.3409, 17700
2020-28, 1700, Niedersachsen, 3, 0.3864, 19400
2020-29, -200, Niedersachsen, 3, -0.0364, 19200
2020-30, -3100, Niedersachsen, 3, -0.5636, 16100
2020-31, -500, Niedersachsen, 3, -0.0909, 15600
2020-32, 3100, Niedersachsen, 3, 0.7045, 18700
2020-33, 2500, Niedersachsen, 3, 0.5682, 21200
2020-34, 3200, Niedersachsen, 3, 0.7273, 24400
2020-35, 2300, Niedersachsen, 3, 0.5227, 26700
2020-36, -600, Niedersachsen, 3, -0.1091, 26100
2020-37, 3900, Niedersachsen, 3, 0.8864, 30000
2020-38, 2400, Niedersachsen, 3, 0.5455, 32400
2020-39, -1300, Niedersachsen, 3, -0.2364, 31100
2020-40, -3300, Niedersachsen, 3, -0.6, 27800
2020-41, 3700, Niedersachsen, 3, 0.8409, 31500
2020-42, -2900, Niedersachsen, 3, -0.5273, 28600
2020-43, 4700, Niedersachsen, 3, 1.0682, 33300
2020-44, 9400, Niedersachsen, 3, 2.1364, 42700
2020-45, -400, Niedersachsen, 3, -0.0727, 42300
2020-46, -6900, Niedersachsen, 3, -1.2545, 35400
2020-47, -500, Niedersachsen, 3, -0.0909, 34900
2020-48, -700, Niedersachsen, 3, -0.1273, 34200
2020-49, -1300, Niedersachsen, 3, -0.2364, 32900
2020-50, 2100, Niedersachsen, 3, 0.4773, 35000
2020-51, 3800, Niedersachsen, 3, 0.8636, 38800
2020-52, -16000, Niedersachsen, 3, -2.9091, 22800
2020-53, -2500, Niedersachsen, 3, -0.4545, 20300
2021-01, 15000, Niedersachsen, 3, 3.4091, 35300
2021-02, 200, Niedersachsen, 3, 0.0455, 35500
2021-03, 500, Niedersachsen, 3, 0.1136, 36000
2021-04, -1300, Niedersachsen, 3, -0.2364, 34700
2021-05, -2300, Niedersachsen, 3, -0.4182, 32400
2021-06, -2000, Niedersachsen, 3, -0.3636, 30400
2021-07, 4000, Niedersachsen, 3, 0.9091, 34400
2021-08, -1400, Niedersachsen, 3, -0.2545, 33000
2021-09, 3300, Niedersachsen, 3, 0.75, 36300
2021-10, -5000, Niedersachsen, 3, -0.9091, 31300
2021-11, 4600, Niedersachsen, 3, 1.0455, 35900
2021-12, 4500, Niedersachsen, 3, 1.0227, 40400
2021-13, -10100, Niedersachsen, 3, -1.8364, 30300
2021-14, 600, Niedersachsen, 3, 0.1364, 30900
2021-15, 4800, Niedersachsen, 3, 1.0909, 35700
2021-16, -1100, Niedersachsen, 3, -0.2, 34600
2021-17, -300, Niedersachsen, 3, -0.0545, 34300
2021-18, -3300, Niedersachsen, 3, -0.6, 31000
2021-19, -5700, Niedersachsen, 3, -1.0364, 25300
2021-20, 1400, Niedersachsen, 3, 0.3182, 26700
2021-21, -5400, Niedersachsen, 3, -0.9818, 21300
2021-22, 700, Niedersachsen, 3, 0.1591, 22000
2021-23, -3600, Niedersachsen, 3, -0.6545, 18400
2021-24, -1200, Niedersachsen, 3, -0.2182, 17200
2021-25, -500, Niedersachsen, 3, -0.0909, 16700
2021-26, 400, Niedersachsen, 3, 0.0909, 17100
2021-27, -100, Niedersachsen, 3, -0.0182, 17000
2021-28, 1300, Niedersachsen, 3, 0.2955, 18300
2021-29, 700, Niedersachsen, 3, 0.1591, 19000
2021-30, -2100, Niedersachsen, 3, -0.3818, 16900
2021-31, -1200, Niedersachsen, 3, -0.2182, 15700
2021-32, -800, Niedersachsen, 3, -0.1455, 14900
2021-33, 300, Niedersachsen, 3, 0.0682, 15200
2021-34, 1500, Niedersachsen, 3, 0.3409, 16700
2021-35, 2700, Niedersachsen, 3, 0.6136, 19400
2021-36, 3600, Niedersachsen, 3, 0.8182, 23000
2021-37, -100, Niedersachsen, 3, -0.0182, 22900
2021-38, 600, Niedersachsen, 3, 0.1364, 23500
2021-39, -1800, Niedersachsen, 3, -0.3273, 21700
2021-40, 400, Niedersachsen, 3, 0.0909, 22100
2021-41, 1600, Niedersachsen, 3, 0.3636, 23700
2021-42, -1300, Niedersachsen, 3, -0.2364, 22400
2021-43, 1300, Niedersachsen, 3, 0.2955, 23700
2021-44, 5000, Niedersachsen, 3, 1.1364, 28700
2021-45, 6000, Niedersachsen, 3, 1.3636, 34700
2021-46, 6400, Niedersachsen, 3, 1.4545, 41100
2021-47, 2600, Niedersachsen, 3, 0.5909, 43700
2021-48, -3400, Niedersachsen, 3, -0.6182, 40300
2021-49, -4100, Niedersachsen, 3, -0.7455, 36200
2021-50, -3700, Niedersachsen, 3, -0.6727, 32500
2021-51, -10100, Niedersachsen, 3, -1.8364, 22400
2021-52, 500, Niedersachsen, 3, 0.1136, 22900
2022-01, 13300, Niedersachsen, 3, 3.0227, 36200
2022-02, 3600, Niedersachsen, 3, 0.8182, 39800
2022-03, 9300, Niedersachsen, 3, 2.1136, 49100
2022-04, 1500, Niedersachsen, 3, 0.3409, 50600
2022-05, 2000, Niedersachsen, 3, 0.4545, 52600
2022-06, 700, Niedersachsen, 3, 0.1591, 53300
2022-07, -5500, Niedersachsen, 3, -1, 47800
2022-08, 200, Niedersachsen, 3, 0.0455, 48000
2022-09, 1800, Niedersachsen, 3, 0.4091, 49800
2022-10, 10200, Niedersachsen, 3, 2.3182, 60000
2022-11, 8500, Niedersachsen, 3, 1.9318, 68500
2022-12, -1700, Niedersachsen, 3, -0.3091, 66800
2022-13, -13400, Niedersachsen, 3, -2.4364, 53400
2022-14, -13100, Niedersachsen, 3, -2.3818, 40300
2022-15, -10400, Niedersachsen, 3, -1.8909, 29900
2022-16, 3100, Niedersachsen, 3, 0.7045, 33000
2022-17, -3700, Niedersachsen, 3, -0.6727, 29300
2022-18, -2700, Niedersachsen, 3, -0.4909, 26600
2022-19, -2700, Niedersachsen, 3, -0.4909, 23900
2022-20, -4400, Niedersachsen, 3, -0.8, 19500
2022-21, -4900, Niedersachsen, 3, -0.8909, 14600
2022-22, 4000, Niedersachsen, 3, 0.9091, 18600
2022-23, 3400, Niedersachsen, 3, 0.7727, 22000
2022-24, 4400, Niedersachsen, 3, 1, 26400
2022-25, 3600, Niedersachsen, 3, 0.8182, 30000
2022-26, -300, Niedersachsen, 3, -0.0545, 29700
2022-27, 300, Niedersachsen, 3, 0.0682, 30000
2022-28, 900, Niedersachsen, 3, 0.2045, 30900
2022-29, -5200, Niedersachsen, 3, -0.9455, 25700
2022-30, -5200, Niedersachsen, 3, -0.9455, 20500
2022-31, -3200, Niedersachsen, 3, -0.5818, 17300
2022-32, -1100, Niedersachsen, 3, -0.2, 16200
2022-33, 100, Niedersachsen, 3, 0.0227, 16300
2022-34, -800, Niedersachsen, 3, -0.1455, 15500
2022-35, -400, Niedersachsen, 3, -0.0727, 15100
2022-36, 1000, Niedersachsen, 3, 0.2273, 16100
2022-37, 1200, Niedersachsen, 3, 0.2727, 17300
2022-38, 1800, Niedersachsen, 3, 0.4091, 19100
2022-39, 2900, Niedersachsen, 3, 0.6591, 22000
2022-40, 4300, Niedersachsen, 3, 0.9773, 26300
2022-41, 1200, Niedersachsen, 3, 0.2727, 27500
2022-42, -2600, Niedersachsen, 3, -0.4727, 24900
2022-43, -5500, Niedersachsen, 3, -1, 19400
2022-44, -2200, Niedersachsen, 3, -0.4, 17200
2022-45, -1500, Niedersachsen, 3, -0.2727, 15700
2022-46, -700, Niedersachsen, 3, -0.1273, 15000
2022-47, 1600, Niedersachsen, 3, 0.3636, 16600
2022-48, 1600, Niedersachsen, 3, 0.3636, 18200
2022-49, 900, Niedersachsen, 3, 0.2045, 19100
2022-50, -500, Niedersachsen, 3, -0.0909, 18600
2022-51, -2700, Niedersachsen, 3, -0.4909, 15900
2022-52, -4800, Niedersachsen, 3, -0.8727, 11100
2023-01, 1800, Niedersachsen, 3, 0.4091, 12900
2023-02, -1700, Niedersachsen, 3, -0.3091, 11200
2023-03, -800, Niedersachsen, 3, -0.1455, 10400
2023-04, 100, Niedersachsen, 3, 0.0227, 10500
2023-05, , Niedersachsen, 3, , 10500
2023-06, -1000, Niedersachsen, 3, -0.1818, 9500
2023-07, 500, Niedersachsen, 3, 0.1136, 10000
2023-08, -500, Niedersachsen, 3, -0.0909, 9500
2023-09, -3100, Niedersachsen, 3, -0.5636, 6400
2023-10, -2000, Niedersachsen, 3, -0.3636, 4400
2023-11, 500, Niedersachsen, 3, 0.1136, 4900
2023-12, -500, Niedersachsen, 3, -0.0909, 4400
2023-13, -1100, Niedersachsen, 3, -0.2, 3300
2023-14, -1600, Niedersachsen, 3, -0.2909, 1700
2023-15, -200, Niedersachsen, 3, -0.0364, 1500
2023-16, -100, Niedersachsen, 3, -0.0182, 1400
