Week, difference, region, region_id, trend, value
2020-12, , Saarland, 10, , 4.6
2020-13, 1.5, Saarland, 10, 0.0556, 6.1
2020-14, 5.2, Saarland, 10, 0.1926, 11.3
2020-15, -1.3, Saarland, 10, -0.0818, 10
2020-16, -0.3, Saarland, 10, -0.0189, 9.7
2020-17, -7.8, Saarland, 10, -0.4906, 1.9
2020-18, 0.7, Saarland, 10, 0.0259, 2.6
2020-19, -2.1, Saarland, 10, -0.1321, 0.5
2020-20, 0.1, Saarland, 10, 0.0037, 0.6
2020-21, -0.1, Saarland, 10, -0.0063, 0.5
2020-22, -0.2, Saarland, 10, -0.0126, 0.3
2020-23, -0.3, Saarland, 10, -0.0189, 
2020-24, , Saarland, 10, , 
2020-25, , Saarland, 10, , 
2020-26, , Saarland, 10, , 
2020-27, , Saarland, 10, , 
2020-28, , Saarland, 10, , 
2020-29, , Saarland, 10, , 
2020-30, , Saarland, 10, , 
2020-31, 0.2, Saarland, 10, 0.0074, 0.2
2020-32, , Saarland, 10, , 0.2
2020-33, -0.2, Saarland, 10, -0.0126, 
2020-34, 0.2, Saarland, 10, 0.0074, 0.2
2020-35, -0.2, Saarland, 10, -0.0126, 
2020-36, , Saarland, 10, , 
2020-37, 0.4, Saarland, 10, 0.0148, 0.4
2020-38, -0.4, Saarland, 10, -0.0252, 
2020-39, 0.2, Saarland, 10, 0.0074, 0.2
2020-40, -0.2, Saarland, 10, -0.0126, 
2020-41, 0.4, Saarland, 10, 0.0148, 0.4
2020-42, 0.4, Saarland, 10, 0.0148, 0.8
2020-43, 1.8, Saarland, 10, 0.0667, 2.6
2020-44, 1.2, Saarland, 10, 0.0444, 3.8
2020-45, 2.6, Saarland, 10, 0.0963, 6.4
2020-46, -0.4, Saarland, 10, -0.0252, 6
2020-47, 2.4, Saarland, 10, 0.0889, 8.4
2020-48, -1.2, Saarland, 10, -0.0755, 7.2
2020-49, -0.1, Saarland, 10, -0.0063, 7.1
2020-50, 2.5, Saarland, 10, 0.0926, 9.6
2020-51, 0.9, Saarland, 10, 0.0333, 10.5
2020-52, 2.1, Saarland, 10, 0.0778, 12.6
2020-53, 5.4, Saarland, 10, 0.2, 18
2021-01, -5.6, Saarland, 10, -0.3522, 12.4
2021-02, -0.5, Saarland, 10, -0.0314, 11.9
2021-03, 1.1, Saarland, 10, 0.0407, 13
2021-04, -3.3, Saarland, 10, -0.2075, 9.7
2021-05, 1.1, Saarland, 10, 0.0407, 10.8
2021-06, -5.6, Saarland, 10, -0.3522, 5.2
2021-07, -0.4, Saarland, 10, -0.0252, 4.8
2021-08, -0.4, Saarland, 10, -0.0252, 4.4
2021-09, 0.9, Saarland, 10, 0.0333, 5.3
2021-10, -1, Saarland, 10, -0.0629, 4.3
2021-11, , Saarland, 10, , 4.3
2021-12, -0.8, Saarland, 10, -0.0503, 3.5
2021-13, 1.6, Saarland, 10, 0.0593, 5.1
2021-14, 0.3, Saarland, 10, 0.0111, 5.4
2021-15, -0.4, Saarland, 10, -0.0252, 5
2021-16, 0.1, Saarland, 10, 0.0037, 5.1
2021-17, -0.4, Saarland, 10, -0.0252, 4.7
2021-18, -0.4, Saarland, 10, -0.0252, 4.3
2021-19, , Saarland, 10, , 4.3
2021-20, 0.2, Saarland, 10, 0.0074, 4.5
2021-21, -1.9, Saarland, 10, -0.1195, 2.6
2021-22, -0.7, Saarland, 10, -0.044, 1.9
2021-23, -0.9, Saarland, 10, -0.0566, 1
2021-24, -0.8, Saarland, 10, -0.0503, 0.2
2021-25, 0.7, Saarland, 10, 0.0259, 0.9
2021-26, 0.2, Saarland, 10, 0.0074, 1.1
2021-27, -0.7, Saarland, 10, -0.044, 0.4
2021-28, -0.2, Saarland, 10, -0.0126, 0.2
2021-29, 0.4, Saarland, 10, 0.0148, 0.6
2021-30, 0.5, Saarland, 10, 0.0185, 1.1
2021-31, 0.3, Saarland, 10, 0.0111, 1.4
2021-32, 1.8, Saarland, 10, 0.0667, 3.2
2021-33, -0.7, Saarland, 10, -0.044, 2.5
2021-34, , Saarland, 10, , 2.5
2021-35, 2, Saarland, 10, 0.0741, 4.5
2021-36, -2.6, Saarland, 10, -0.1635, 1.9
2021-37, 2.2, Saarland, 10, 0.0815, 4.1
2021-38, 0.1, Saarland, 10, 0.0037, 4.2
2021-39, -1.6, Saarland, 10, -0.1006, 2.6
2021-40, 1.3, Saarland, 10, 0.0481, 3.9
2021-41, -0.3, Saarland, 10, -0.0189, 3.6
2021-42, -0.4, Saarland, 10, -0.0252, 3.2
2021-43, 0.5, Saarland, 10, 0.0185, 3.7
2021-44, 2.1, Saarland, 10, 0.0778, 5.8
2021-45, 2.6, Saarland, 10, 0.0963, 8.4
2021-46, 2.8, Saarland, 10, 0.1037, 11.2
2021-47, 2, Saarland, 10, 0.0741, 13.2
2021-48, 2.3, Saarland, 10, 0.0852, 15.5
2021-49, -0.5, Saarland, 10, -0.0314, 15
2021-50, -4.2, Saarland, 10, -0.2642, 10.8
2021-51, 0.8, Saarland, 10, 0.0296, 11.6
2021-52, -3.3, Saarland, 10, -0.2075, 8.3
2022-01, -0.1, Saarland, 10, -0.0063, 8.2
2022-02, 0.7, Saarland, 10, 0.0259, 8.9
2022-03, 6.9, Saarland, 10, 0.2556, 15.8
2022-04, 5.8, Saarland, 10, 0.2148, 21.6
2022-05, 7.6, Saarland, 10, 0.2815, 29.2
2022-06, 1.7, Saarland, 10, 0.063, 30.9
2022-07, 1, Saarland, 10, 0.037, 31.9
2022-08, -7.6, Saarland, 10, -0.478, 24.3
2022-09, 2.1, Saarland, 10, 0.0778, 26.4
2022-10, 6.9, Saarland, 10, 0.2556, 33.3
2022-11, 4.7, Saarland, 10, 0.1741, 38
2022-12, -1.7, Saarland, 10, -0.1069, 36.3
2022-13, 3.2, Saarland, 10, 0.1185, 39.5
2022-14, -8.2, Saarland, 10, -0.5157, 31.3
2022-15, -0.2, Saarland, 10, -0.0126, 31.1
2022-16, -11.2, Saarland, 10, -0.7044, 19.9
2022-17, 3, Saarland, 10, 0.1111, 22.9
2022-18, -4.1, Saarland, 10, -0.2579, 18.8
2022-19, -1.9, Saarland, 10, -0.1195, 16.9
2022-20, -7.2, Saarland, 10, -0.4528, 9.7
2022-21, 0.1, Saarland, 10, 0.0037, 9.8
2022-22, 0.6, Saarland, 10, 0.0222, 10.4
2022-23, -0.4, Saarland, 10, -0.0252, 10
2022-24, 13.3, Saarland, 10, 0.4926, 23.3
2022-25, , Saarland, 10, , 23.3
2022-26, , Saarland, 10, , 23.3
2022-27, 2.6, Saarland, 10, 0.0963, 25.9
2022-28, 9.3, Saarland, 10, 0.3444, 35.2
2022-29, -2.8, Saarland, 10, -0.1761, 32.4
2022-30, -5.7, Saarland, 10, -0.3585, 26.7
2022-31, -9.6, Saarland, 10, -0.6038, 17.1
2022-32, -0.9, Saarland, 10, -0.0566, 16.2
2022-33, -1, Saarland, 10, -0.0629, 15.2
2022-34, 0.6, Saarland, 10, 0.0222, 15.8
2022-35, -1.6, Saarland, 10, -0.1006, 14.2
2022-36, -2, Saarland, 10, -0.1258, 12.2
2022-37, 5.1, Saarland, 10, 0.1889, 17.3
2022-38, 3.9, Saarland, 10, 0.1444, 21.2
2022-39, 16.2, Saarland, 10, 0.6, 37.4
2022-40, 10.3, Saarland, 10, 0.3815, 47.7
2022-41, 4.6, Saarland, 10, 0.1704, 52.3
2022-42, -9.7, Saarland, 10, -0.6101, 42.6
2022-43, -6.3, Saarland, 10, -0.3962, 36.3
2022-44, -13.8, Saarland, 10, -0.8679, 22.5
2022-45, -1.7, Saarland, 10, -0.1069, 20.8
2022-46, -3.4, Saarland, 10, -0.2138, 17.4
2022-47, 1, Saarland, 10, 0.037, 18.4
2022-48, -2.7, Saarland, 10, -0.1698, 15.7
2022-49, 3.6, Saarland, 10, 0.1333, 19.3
2022-50, 5.7, Saarland, 10, 0.2111, 25
2022-51, 7, Saarland, 10, 0.2593, 32
2022-52, 0.8, Saarland, 10, 0.0296, 32.8
2023-01, -15.9, Saarland, 10, -1, 16.9
2023-02, -0.2, Saarland, 10, -0.0126, 16.7
2023-03, -1.9, Saarland, 10, -0.1195, 14.8
2023-04, -1.2, Saarland, 10, -0.0755, 13.6
2023-05, 9.3, Saarland, 10, 0.3444, 22.9
2023-06, 14.7, Saarland, 10, 0.5444, 37.6
2023-07, 10.2, Saarland, 10, 0.3778, 47.8
2023-08, 27, Saarland, 10, 1, 74.8
