Week, difference, region, region_id, trend, value
2020-12, , Thüringen, 16, , 3000
2020-13, -700, Thüringen, 16, -0.1346, 2300
2020-14, -100, Thüringen, 16, -0.0192, 2200
2020-15, -600, Thüringen, 16, -0.1154, 1600
2020-16, -300, Thüringen, 16, -0.0577, 1300
2020-17, 300, Thüringen, 16, 0.0938, 1600
2020-18, -500, Thüringen, 16, -0.0962, 1100
2020-19, 800, Thüringen, 16, 0.25, 1900
2020-20, 500, Thüringen, 16, 0.1562, 2400
2020-21, -500, Thüringen, 16, -0.0962, 1900
2020-22, 400, Thüringen, 16, 0.125, 2300
2020-23, -300, Thüringen, 16, -0.0577, 2000
2020-24, -300, Thüringen, 16, -0.0577, 1700
2020-25, 300, Thüringen, 16, 0.0938, 2000
2020-26, 500, Thüringen, 16, 0.1562, 2500
2020-27, 100, Thüringen, 16, 0.0312, 2600
2020-28, -300, Thüringen, 16, -0.0577, 2300
2020-29, -500, Thüringen, 16, -0.0962, 1800
2020-30, -500, Thüringen, 16, -0.0962, 1300
2020-31, 100, Thüringen, 16, 0.0312, 1400
2020-32, 100, Thüringen, 16, 0.0312, 1500
2020-33, -100, Thüringen, 16, -0.0192, 1400
2020-34, 600, Thüringen, 16, 0.1875, 2000
2020-35, 1300, Thüringen, 16, 0.4062, 3300
2020-36, , Thüringen, 16, , 3300
2020-37, 500, Thüringen, 16, 0.1562, 3800
2020-38, 500, Thüringen, 16, 0.1562, 4300
2020-39, 100, Thüringen, 16, 0.0312, 4400
2020-40, -500, Thüringen, 16, -0.0962, 3900
2020-41, , Thüringen, 16, , 3900
2020-42, 900, Thüringen, 16, 0.2812, 4800
2020-43, 1100, Thüringen, 16, 0.3438, 5900
2020-44, -300, Thüringen, 16, -0.0577, 5600
2020-45, 1600, Thüringen, 16, 0.5, 7200
2020-46, -2800, Thüringen, 16, -0.5385, 4400
2020-47, 600, Thüringen, 16, 0.1875, 5000
2020-48, 500, Thüringen, 16, 0.1562, 5500
2020-49, -900, Thüringen, 16, -0.1731, 4600
2020-50, 800, Thüringen, 16, 0.25, 5400
2020-51, 800, Thüringen, 16, 0.25, 6200
2020-52, -3000, Thüringen, 16, -0.5769, 3200
2020-53, -1300, Thüringen, 16, -0.25, 1900
2021-01, 2000, Thüringen, 16, 0.625, 3900
2021-02, -500, Thüringen, 16, -0.0962, 3400
2021-03, -300, Thüringen, 16, -0.0577, 3100
2021-04, -500, Thüringen, 16, -0.0962, 2600
2021-05, 200, Thüringen, 16, 0.0625, 2800
2021-06, -400, Thüringen, 16, -0.0769, 2400
2021-07, 100, Thüringen, 16, 0.0312, 2500
2021-08, 200, Thüringen, 16, 0.0625, 2700
2021-09, 600, Thüringen, 16, 0.1875, 3300
2021-10, 700, Thüringen, 16, 0.2188, 4000
2021-11, , Thüringen, 16, , 4000
2021-12, 200, Thüringen, 16, 0.0625, 4200
2021-13, -1400, Thüringen, 16, -0.2692, 2800
2021-14, 200, Thüringen, 16, 0.0625, 3000
2021-15, 600, Thüringen, 16, 0.1875, 3600
2021-16, -400, Thüringen, 16, -0.0769, 3200
2021-17, 400, Thüringen, 16, 0.125, 3600
2021-18, -400, Thüringen, 16, -0.0769, 3200
2021-19, -900, Thüringen, 16, -0.1731, 2300
2021-20, -100, Thüringen, 16, -0.0192, 2200
2021-21, -600, Thüringen, 16, -0.1154, 1600
2021-22, , Thüringen, 16, , 1600
2021-23, -200, Thüringen, 16, -0.0385, 1400
2021-24, -100, Thüringen, 16, -0.0192, 1300
2021-25, , Thüringen, 16, , 1300
2021-26, 100, Thüringen, 16, 0.0312, 1400
2021-27, , Thüringen, 16, , 1400
2021-28, -100, Thüringen, 16, -0.0192, 1300
2021-29, , Thüringen, 16, , 1300
2021-30, -200, Thüringen, 16, -0.0385, 1100
2021-31, -100, Thüringen, 16, -0.0192, 1000
2021-32, -100, Thüringen, 16, -0.0192, 900
2021-33, , Thüringen, 16, , 900
2021-34, 200, Thüringen, 16, 0.0625, 1100
2021-35, 200, Thüringen, 16, 0.0625, 1300
2021-36, 700, Thüringen, 16, 0.2188, 2000
2021-37, 500, Thüringen, 16, 0.1562, 2500
2021-38, -400, Thüringen, 16, -0.0769, 2100
2021-39, 500, Thüringen, 16, 0.1562, 2600
2021-40, 400, Thüringen, 16, 0.125, 3000
2021-41, 700, Thüringen, 16, 0.2188, 3700
2021-42, 700, Thüringen, 16, 0.2188, 4400
2021-43, -500, Thüringen, 16, -0.0962, 3900
2021-44, 1300, Thüringen, 16, 0.4062, 5200
2021-45, 2200, Thüringen, 16, 0.6875, 7400
2021-46, 3400, Thüringen, 16, 1.0625, 10800
2021-47, 2700, Thüringen, 16, 0.8438, 13500
2021-48, -500, Thüringen, 16, -0.0962, 13000
2021-49, -1000, Thüringen, 16, -0.1923, 12000
2021-50, -4400, Thüringen, 16, -0.8462, 7600
2021-51, -3400, Thüringen, 16, -0.6538, 4200
2021-52, -1200, Thüringen, 16, -0.2308, 3000
2022-01, 1400, Thüringen, 16, 0.4375, 4400
2022-02, -900, Thüringen, 16, -0.1731, 3500
2022-03, 900, Thüringen, 16, 0.2812, 4400
2022-04, 1400, Thüringen, 16, 0.4375, 5800
2022-05, 1300, Thüringen, 16, 0.4062, 7100
2022-06, 1800, Thüringen, 16, 0.5625, 8900
2022-07, -1100, Thüringen, 16, -0.2115, 7800
2022-08, 2100, Thüringen, 16, 0.6562, 9900
2022-09, 2100, Thüringen, 16, 0.6562, 12000
2022-10, 3200, Thüringen, 16, 1, 15200
2022-11, 300, Thüringen, 16, 0.0938, 15500
2022-12, -2100, Thüringen, 16, -0.4038, 13400
2022-13, -5200, Thüringen, 16, -1, 8200
2022-14, -4500, Thüringen, 16, -0.8654, 3700
2022-15, -1300, Thüringen, 16, -0.25, 2400
2022-16, -200, Thüringen, 16, -0.0385, 2200
2022-17, 200, Thüringen, 16, 0.0625, 2400
2022-18, -600, Thüringen, 16, -0.1154, 1800
2022-19, -300, Thüringen, 16, -0.0577, 1500
2022-20, -500, Thüringen, 16, -0.0962, 1000
2022-21, -300, Thüringen, 16, -0.0577, 700
2022-22, 100, Thüringen, 16, 0.0312, 800
2022-23, 100, Thüringen, 16, 0.0312, 900
2022-24, 400, Thüringen, 16, 0.125, 1300
2022-25, 400, Thüringen, 16, 0.125, 1700
2022-26, 400, Thüringen, 16, 0.125, 2100
2022-27, 500, Thüringen, 16, 0.1562, 2600
2022-28, 200, Thüringen, 16, 0.0625, 2800
2022-29, -200, Thüringen, 16, -0.0385, 2600
2022-30, -600, Thüringen, 16, -0.1154, 2000
2022-31, -500, Thüringen, 16, -0.0962, 1500
2022-32, -200, Thüringen, 16, -0.0385, 1300
2022-33, -100, Thüringen, 16, -0.0192, 1200
2022-34, , Thüringen, 16, , 1200
2022-35, , Thüringen, 16, , 1200
2022-36, 300, Thüringen, 16, 0.0938, 1500
2022-37, 200, Thüringen, 16, 0.0625, 1700
2022-38, , Thüringen, 16, , 1700
2022-39, 800, Thüringen, 16, 0.25, 2500
2022-40, 300, Thüringen, 16, 0.0938, 2800
2022-41, -100, Thüringen, 16, -0.0192, 2700
2022-42, -300, Thüringen, 16, -0.0577, 2400
2022-43, -700, Thüringen, 16, -0.1346, 1700
2022-44, -500, Thüringen, 16, -0.0962, 1200
2022-45, -200, Thüringen, 16, -0.0385, 1000
2022-46, -100, Thüringen, 16, -0.0192, 900
2022-47, 100, Thüringen, 16, 0.0312, 1000
2022-48, , Thüringen, 16, , 1000
2022-49, , Thüringen, 16, , 1000
2022-50, -100, Thüringen, 16, -0.0192, 900
2022-51, -100, Thüringen, 16, -0.0192, 800
2022-52, -500, Thüringen, 16, -0.0962, 300
2023-01, 100, Thüringen, 16, 0.0312, 400
