Week, difference, region, region_id, trend, value
2020-W11, , Sachsen, 14, , 
2020-W12, , Sachsen, 14, , 
2020-W13, 9, Sachsen, 14, 0.1765, 9
2020-W14, 14, Sachsen, 14, 0.2745, 23
2020-W15, 10, Sachsen, 14, 0.1961, 33
2020-W16, 8, Sachsen, 14, 0.1569, 41
2020-W17, , Sachsen, 14, , 41
2020-W18, -22, Sachsen, 14, -0.3667, 19
2020-W19, 3, Sachsen, 14, 0.0588, 22
2020-W20, -13, Sachsen, 14, -0.2167, 9
2020-W21, -1, Sachsen, 14, -0.0167, 8
2020-W22, 1, Sachsen, 14, 0.0196, 9
2020-W23, -6, Sachsen, 14, -0.1, 3
2020-W24, 2, Sachsen, 14, 0.0392, 5
2020-W25, -4, Sachsen, 14, -0.0667, 1
2020-W26, , Sachsen, 14, , 1
2020-W27, 1, Sachsen, 14, 0.0196, 2
2020-W28, -1, Sachsen, 14, -0.0167, 1
2020-W29, -1, Sachsen, 14, -0.0167, 
2020-W30, , Sachsen, 14, , 
2020-W31, , Sachsen, 14, , 
2020-W32, , Sachsen, 14, , 
2020-W33, , Sachsen, 14, , 
2020-W34, , Sachsen, 14, , 
2020-W35, , Sachsen, 14, , 
2020-W36, , Sachsen, 14, , 
2020-W37, 1, Sachsen, 14, 0.0196, 1
2020-W38, -1, Sachsen, 14, -0.0167, 
2020-W39, 7, Sachsen, 14, 0.1373, 7
2020-W40, -1, Sachsen, 14, -0.0167, 6
2020-W41, 2, Sachsen, 14, 0.0392, 8
2020-W42, 1, Sachsen, 14, 0.0196, 9
2020-W43, 11, Sachsen, 14, 0.2157, 20
2020-W44, 23, Sachsen, 14, 0.451, 43
2020-W45, 35, Sachsen, 14, 0.6863, 78
2020-W46, 36, Sachsen, 14, 0.7059, 114
2020-W47, 24, Sachsen, 14, 0.4706, 138
2020-W48, 95, Sachsen, 14, 1.8627, 233
2020-W49, 161, Sachsen, 14, 3.1569, 394
2020-W50, -22, Sachsen, 14, -0.3667, 372
2020-W51, 190, Sachsen, 14, 3.7255, 562
2020-W52, -74, Sachsen, 14, -1.2333, 488
2020-W53, 159, Sachsen, 14, 3.1176, 647
2021-W01, 62, Sachsen, 14, 1.2157, 709
2021-W02, 301, Sachsen, 14, 5.902, 1010
2021-W03, -363, Sachsen, 14, -6.05, 647
2021-W04, -83, Sachsen, 14, -1.3833, 564
2021-W05, -91, Sachsen, 14, -1.5167, 473
2021-W06, -109, Sachsen, 14, -1.8167, 364
2021-W07, -29, Sachsen, 14, -0.4833, 335
2021-W08, -37, Sachsen, 14, -0.6167, 298
2021-W09, -61, Sachsen, 14, -1.0167, 237
2021-W10, -106, Sachsen, 14, -1.7667, 131
2021-W11, -28, Sachsen, 14, -0.4667, 103
2021-W12, 6, Sachsen, 14, 0.1176, 109
2021-W13, -7, Sachsen, 14, -0.1167, 102
2021-W14, 23, Sachsen, 14, 0.451, 125
2021-W15, 55, Sachsen, 14, 1.0784, 180
2021-W16, 18, Sachsen, 14, 0.3529, 198
2021-W17, -16, Sachsen, 14, -0.2667, 182
2021-W18, -28, Sachsen, 14, -0.4667, 154
2021-W19, -49, Sachsen, 14, -0.8167, 105
2021-W20, 81, Sachsen, 14, 1.5882, 186
2021-W21, -70, Sachsen, 14, -1.1667, 116
2021-W22, 68, Sachsen, 14, 1.3333, 184
2021-W23, -67, Sachsen, 14, -1.1167, 117
2021-W24, -74, Sachsen, 14, -1.2333, 43
2021-W25, 7, Sachsen, 14, 0.1373, 50
2021-W26, -31, Sachsen, 14, -0.5167, 19
2021-W27, -4, Sachsen, 14, -0.0667, 15
2021-W28, -4, Sachsen, 14, -0.0667, 11
2021-W29, 1, Sachsen, 14, 0.0196, 12
2021-W30, -5, Sachsen, 14, -0.0833, 7
2021-W31, -2, Sachsen, 14, -0.0333, 5
2021-W32, 3, Sachsen, 14, 0.0588, 8
2021-W33, 2, Sachsen, 14, 0.0392, 10
2021-W34, -3, Sachsen, 14, -0.05, 7
2021-W35, 1, Sachsen, 14, 0.0196, 8
2021-W36, 4, Sachsen, 14, 0.0784, 12
2021-W37, -3, Sachsen, 14, -0.05, 9
2021-W38, 2, Sachsen, 14, 0.0392, 11
2021-W39, 13, Sachsen, 14, 0.2549, 24
2021-W40, -18, Sachsen, 14, -0.3, 6
2021-W41, 10, Sachsen, 14, 0.1961, 16
2021-W42, 17, Sachsen, 14, 0.3333, 33
2021-W43, 7, Sachsen, 14, 0.1373, 40
2021-W44, 41, Sachsen, 14, 0.8039, 81
2021-W45, 48, Sachsen, 14, 0.9412, 129
2021-W46, -15, Sachsen, 14, -0.25, 114
2021-W47, 141, Sachsen, 14, 2.7647, 255
2021-W48, 69, Sachsen, 14, 1.3529, 324
2021-W49, 76, Sachsen, 14, 1.4902, 400
2021-W50, 178, Sachsen, 14, 3.4902, 578
2021-W51, -153, Sachsen, 14, -2.55, 425
2021-W52, -74, Sachsen, 14, -1.2333, 351
2022-W01, 62, Sachsen, 14, 1.2157, 413
2022-W02, -40, Sachsen, 14, -0.6667, 373
2022-W03, -183, Sachsen, 14, -3.05, 190
2022-W04, -79, Sachsen, 14, -1.3167, 111
2022-W05, -44, Sachsen, 14, -0.7333, 67
2022-W06, 16, Sachsen, 14, 0.3137, 83
2022-W07, -40, Sachsen, 14, -0.6667, 43
2022-W08, -10, Sachsen, 14, -0.1667, 33
2022-W09, 49, Sachsen, 14, 0.9608, 82
2022-W10, -14, Sachsen, 14, -0.2333, 68
2022-W11, 27, Sachsen, 14, 0.5294, 95
2022-W12, 9, Sachsen, 14, 0.1765, 104
2022-W13, 18, Sachsen, 14, 0.3529, 122
2022-W14, 59, Sachsen, 14, 1.1569, 181
2022-W15, -69, Sachsen, 14, -1.15, 112
2022-W16, -9, Sachsen, 14, -0.15, 103
2022-W17, 21, Sachsen, 14, 0.4118, 124
2022-W18, -16, Sachsen, 14, -0.2667, 108
2022-W19, -60, Sachsen, 14, -1, 48
2022-W20, -8, Sachsen, 14, -0.1333, 40
2022-W21, -7, Sachsen, 14, -0.1167, 33
2022-W22, -7, Sachsen, 14, -0.1167, 26
2022-W23, -6, Sachsen, 14, -0.1, 20
2022-W24, -6, Sachsen, 14, -0.1, 14
2022-W25, 5, Sachsen, 14, 0.098, 19
2022-W26, -5, Sachsen, 14, -0.0833, 14
2022-W27, , Sachsen, 14, , 14
2022-W28, 15, Sachsen, 14, 0.2941, 29
2022-W29, -12, Sachsen, 14, -0.2, 17
2022-W30, 13, Sachsen, 14, 0.2549, 30
2022-W31, 8, Sachsen, 14, 0.1569, 38
2022-W32, 22, Sachsen, 14, 0.4314, 60
2022-W33, -17, Sachsen, 14, -0.2833, 43
2022-W34, 7, Sachsen, 14, 0.1373, 50
2022-W35, -23, Sachsen, 14, -0.3833, 27
2022-W36, 7, Sachsen, 14, 0.1373, 34
2022-W37, -4, Sachsen, 14, -0.0667, 30
2022-W38, 2, Sachsen, 14, 0.0392, 32
2022-W39, -2, Sachsen, 14, -0.0333, 30
2022-W40, -11, Sachsen, 14, -0.1833, 19
2022-W41, 16, Sachsen, 14, 0.3137, 35
2022-W42, 17, Sachsen, 14, 0.3333, 52
2022-W43, 10, Sachsen, 14, 0.1961, 62
2022-W44, -31, Sachsen, 14, -0.5167, 31
2022-W45, 23, Sachsen, 14, 0.451, 54
2022-W46, -9, Sachsen, 14, -0.15, 45
2022-W47, -23, Sachsen, 14, -0.3833, 22
2022-W48, -1, Sachsen, 14, -0.0167, 21
2022-W49, 28, Sachsen, 14, 0.549, 49
2022-W50, -4, Sachsen, 14, -0.0667, 45
2022-W51, -3, Sachsen, 14, -0.05, 42
2022-W52, -14, Sachsen, 14, -0.2333, 28
2023-W01, 51, Sachsen, 14, 1, 79
2023-W02, -38, Sachsen, 14, -0.6333, 41
2023-W03, 2, Sachsen, 14, 0.0392, 43
2023-W04, -20, Sachsen, 14, -0.3333, 23
2023-W05, -9, Sachsen, 14, -0.15, 14
2023-W06, -2, Sachsen, 14, -0.0333, 12
2023-W07, 9, Sachsen, 14, 0.1765, 21
2023-W08, -10, Sachsen, 14, -0.1667, 11
2023-W09, -1, Sachsen, 14, -0.0167, 10
2023-W10, 19, Sachsen, 14, 0.3725, 29
2023-W11, -19, Sachsen, 14, -0.3167, 10
2023-W12, 34, Sachsen, 14, 0.6667, 44
2023-W13, -29, Sachsen, 14, -0.4833, 15
2023-W14, 13, Sachsen, 14, 0.2549, 28
2023-W15, -19, Sachsen, 14, -0.3167, 9
