Week, difference, region, region_id, trend, value
2020-12, , Berlin, 11, , 6.4
2020-13, 2.4, Berlin, 11, 0.381, 8.8
2020-14, -0.2, Berlin, 11, -0.0377, 8.6
2020-15, -2.6, Berlin, 11, -0.4906, 6
2020-16, -1.6, Berlin, 11, -0.3019, 4.4
2020-17, -0.5, Berlin, 11, -0.0943, 3.9
2020-18, -0.3, Berlin, 11, -0.0566, 3.6
2020-19, -0.9, Berlin, 11, -0.1698, 2.7
2020-20, -0.7, Berlin, 11, -0.1321, 2
2020-21, -0.7, Berlin, 11, -0.1321, 1.3
2020-22, -0.1, Berlin, 11, -0.0189, 1.2
2020-23, -0.2, Berlin, 11, -0.0377, 1
2020-24, 0.2, Berlin, 11, 0.0317, 1.2
2020-25, 0.1, Berlin, 11, 0.0159, 1.3
2020-26, -0.2, Berlin, 11, -0.0377, 1.1
2020-27, -0.2, Berlin, 11, -0.0377, 0.9
2020-28, -0.3, Berlin, 11, -0.0566, 0.6
2020-29, -0.1, Berlin, 11, -0.0189, 0.5
2020-30, 0.1, Berlin, 11, 0.0159, 0.6
2020-31, 0.1, Berlin, 11, 0.0159, 0.7
2020-32, 0.2, Berlin, 11, 0.0317, 0.9
2020-33, -0.1, Berlin, 11, -0.0189, 0.8
2020-34, -0.1, Berlin, 11, -0.0189, 0.7
2020-35, , Berlin, 11, , 0.7
2020-36, , Berlin, 11, , 0.7
2020-37, 0.1, Berlin, 11, 0.0159, 0.8
2020-38, 0.6, Berlin, 11, 0.0952, 1.4
2020-39, 0.3, Berlin, 11, 0.0476, 1.7
2020-40, 0.6, Berlin, 11, 0.0952, 2.3
2020-41, 0.9, Berlin, 11, 0.1429, 3.2
2020-42, 1.3, Berlin, 11, 0.2063, 4.5
2020-43, 2.1, Berlin, 11, 0.3333, 6.6
2020-44, 1.2, Berlin, 11, 0.1905, 7.8
2020-45, 0.3, Berlin, 11, 0.0476, 8.1
2020-46, , Berlin, 11, , 8.1
2020-47, 0.2, Berlin, 11, 0.0317, 8.3
2020-48, -0.1, Berlin, 11, -0.0189, 8.2
2020-49, 0.1, Berlin, 11, 0.0159, 8.3
2020-50, 1.8, Berlin, 11, 0.2857, 10.1
2020-51, -0.8, Berlin, 11, -0.1509, 9.3
2020-52, 2.7, Berlin, 11, 0.4286, 12
2020-53, 2.7, Berlin, 11, 0.4286, 14.7
2021-01, -3.1, Berlin, 11, -0.5849, 11.6
2021-02, -2.1, Berlin, 11, -0.3962, 9.5
2021-03, -1.4, Berlin, 11, -0.2642, 8.1
2021-04, -1.7, Berlin, 11, -0.3208, 6.4
2021-05, -1.6, Berlin, 11, -0.3019, 4.8
2021-06, -0.8, Berlin, 11, -0.1509, 4
2021-07, -0.4, Berlin, 11, -0.0755, 3.6
2021-08, , Berlin, 11, , 3.6
2021-09, , Berlin, 11, , 3.6
2021-10, 0.5, Berlin, 11, 0.0794, 4.1
2021-11, -0.6, Berlin, 11, -0.1132, 3.5
2021-12, 0.3, Berlin, 11, 0.0476, 3.8
2021-13, 1.4, Berlin, 11, 0.2222, 5.2
2021-14, 1, Berlin, 11, 0.1587, 6.2
2021-15, -0.3, Berlin, 11, -0.0566, 5.9
2021-16, 0.1, Berlin, 11, 0.0159, 6
2021-17, -1.1, Berlin, 11, -0.2075, 4.9
2021-18, -0.6, Berlin, 11, -0.1132, 4.3
2021-19, -0.5, Berlin, 11, -0.0943, 3.8
2021-20, -1.2, Berlin, 11, -0.2264, 2.6
2021-21, -0.8, Berlin, 11, -0.1509, 1.8
2021-22, -0.8, Berlin, 11, -0.1509, 1
2021-23, -0.3, Berlin, 11, -0.0566, 0.7
2021-24, -0.2, Berlin, 11, -0.0377, 0.5
2021-25, -0.1, Berlin, 11, -0.0189, 0.4
2021-26, , Berlin, 11, , 0.4
2021-27, , Berlin, 11, , 0.4
2021-28, 0.1, Berlin, 11, 0.0159, 0.5
2021-29, 0.1, Berlin, 11, 0.0159, 0.6
2021-30, 0.6, Berlin, 11, 0.0952, 1.2
2021-31, 0.6, Berlin, 11, 0.0952, 1.8
2021-32, 0.5, Berlin, 11, 0.0794, 2.3
2021-33, -0.1, Berlin, 11, -0.0189, 2.2
2021-34, 0.6, Berlin, 11, 0.0952, 2.8
2021-35, , Berlin, 11, , 2.8
2021-36, 0.1, Berlin, 11, 0.0159, 2.9
2021-37, -0.3, Berlin, 11, -0.0566, 2.6
2021-38, 0.1, Berlin, 11, 0.0159, 2.7
2021-39, 0.1, Berlin, 11, 0.0159, 2.8
2021-40, 0.4, Berlin, 11, 0.0635, 3.2
2021-41, 0.1, Berlin, 11, 0.0159, 3.3
2021-42, 0.4, Berlin, 11, 0.0635, 3.7
2021-43, 1.5, Berlin, 11, 0.2381, 5.2
2021-44, 0.6, Berlin, 11, 0.0952, 5.8
2021-45, 1, Berlin, 11, 0.1587, 6.8
2021-46, 0.7, Berlin, 11, 0.1111, 7.5
2021-47, -0.4, Berlin, 11, -0.0755, 7.1
2021-48, -0.1, Berlin, 11, -0.0189, 7
2021-49, -0.2, Berlin, 11, -0.0377, 6.8
2021-50, -0.2, Berlin, 11, -0.0377, 6.6
2021-51, -0.4, Berlin, 11, -0.0755, 6.2
2021-52, 1.2, Berlin, 11, 0.1905, 7.4
2022-01, 2.7, Berlin, 11, 0.4286, 10.1
2022-02, 4, Berlin, 11, 0.6349, 14.1
2022-03, 1.5, Berlin, 11, 0.2381, 15.6
2022-04, 0.2, Berlin, 11, 0.0317, 15.8
2022-05, 2.9, Berlin, 11, 0.4603, 18.7
2022-06, -1.3, Berlin, 11, -0.2453, 17.4
2022-07, -2.3, Berlin, 11, -0.434, 15.1
2022-08, -0.8, Berlin, 11, -0.1509, 14.3
2022-09, -0.6, Berlin, 11, -0.1132, 13.7
2022-10, 1.6, Berlin, 11, 0.254, 15.3
2022-11, 1.1, Berlin, 11, 0.1746, 16.4
2022-12, -0.9, Berlin, 11, -0.1698, 15.5
2022-13, -2.7, Berlin, 11, -0.5094, 12.8
2022-14, -0.4, Berlin, 11, -0.0755, 12.4
2022-15, -0.7, Berlin, 11, -0.1321, 11.7
2022-16, -1.1, Berlin, 11, -0.2075, 10.6
2022-17, -1.9, Berlin, 11, -0.3585, 8.7
2022-18, -1.1, Berlin, 11, -0.2075, 7.6
2022-19, -1, Berlin, 11, -0.1887, 6.6
2022-20, -1.6, Berlin, 11, -0.3019, 5
2022-21, -0.9, Berlin, 11, -0.1698, 4.1
2022-22, 0.6, Berlin, 11, 0.0952, 4.7
2022-23, 1.4, Berlin, 11, 0.2222, 6.1
2022-24, 1.4, Berlin, 11, 0.2222, 7.5
2022-25, 2.1, Berlin, 11, 0.3333, 9.6
2022-26, 1.6, Berlin, 11, 0.254, 11.2
2022-27, 1.2, Berlin, 11, 0.1905, 12.4
2022-28, 0.6, Berlin, 11, 0.0952, 13
2022-29, 1.2, Berlin, 11, 0.1905, 14.2
2022-30, -1, Berlin, 11, -0.1887, 13.2
2022-31, -1, Berlin, 11, -0.1887, 12.2
2022-32, -1.5, Berlin, 11, -0.283, 10.7
2022-33, -0.7, Berlin, 11, -0.1321, 10
2022-34, -1.6, Berlin, 11, -0.3019, 8.4
2022-35, -2, Berlin, 11, -0.3774, 6.4
2022-36, 0.4, Berlin, 11, 0.0635, 6.8
2022-37, 0.2, Berlin, 11, 0.0317, 7
2022-38, 0.9, Berlin, 11, 0.1429, 7.9
2022-39, 2.1, Berlin, 11, 0.3333, 10
2022-40, 3.5, Berlin, 11, 0.5556, 13.5
2022-41, 0.6, Berlin, 11, 0.0952, 14.1
2022-42, -0.4, Berlin, 11, -0.0755, 13.7
2022-43, -1.2, Berlin, 11, -0.2264, 12.5
2022-44, -2.7, Berlin, 11, -0.5094, 9.8
2022-45, -1.2, Berlin, 11, -0.2264, 8.6
2022-46, -1, Berlin, 11, -0.1887, 7.6
2022-47, 1.2, Berlin, 11, 0.1905, 8.8
2022-48, 2.2, Berlin, 11, 0.3492, 11
2022-49, 2.4, Berlin, 11, 0.381, 13.4
2022-50, 0.8, Berlin, 11, 0.127, 14.2
2022-51, 2.4, Berlin, 11, 0.381, 16.6
2022-52, -0.7, Berlin, 11, -0.1321, 15.9
2023-01, -5.3, Berlin, 11, -1, 10.6
2023-02, -3.4, Berlin, 11, -0.6415, 7.2
2023-03, -1.5, Berlin, 11, -0.283, 5.7
2023-04, -1, Berlin, 11, -0.1887, 4.7
2023-05, 0.4, Berlin, 11, 0.0635, 5.1
2023-06, 0.3, Berlin, 11, 0.0476, 5.4
2023-07, 0.6, Berlin, 11, 0.0952, 6
2023-08, 1.1, Berlin, 11, 0.1746, 7.1
2023-09, 2.5, Berlin, 11, 0.3968, 9.6
2023-10, 6.3, Berlin, 11, 1, 15.9
2023-11, 2, Berlin, 11, 0.3175, 17.9
2023-12, 2.8, Berlin, 11, 0.4444, 20.7
2023-13, 0.5, Berlin, 11, 0.0794, 21.2
2023-14, , Berlin, 11, , 21.2
