Week, difference, region, region_id, trend, value
2020-12, , Nordrhein-Westfalen, 5, , 32700
2020-13, -4900, Nordrhein-Westfalen, 5, -0.0735, 27800
2020-14, 5900, Nordrhein-Westfalen, 5, 0.0473, 33700
2020-15, 1800, Nordrhein-Westfalen, 5, 0.0144, 35500
2020-16, -4800, Nordrhein-Westfalen, 5, -0.072, 30700
2020-17, 5100, Nordrhein-Westfalen, 5, 0.0409, 35800
2020-18, -1800, Nordrhein-Westfalen, 5, -0.027, 34000
2020-19, 10200, Nordrhein-Westfalen, 5, 0.0817, 44200
2020-20, 2200, Nordrhein-Westfalen, 5, 0.0176, 46400
2020-21, -9400, Nordrhein-Westfalen, 5, -0.1409, 37000
2020-22, 4900, Nordrhein-Westfalen, 5, 0.0393, 41900
2020-23, -5200, Nordrhein-Westfalen, 5, -0.078, 36700
2020-24, -800, Nordrhein-Westfalen, 5, -0.012, 35900
2020-25, 7500, Nordrhein-Westfalen, 5, 0.0601, 43400
2020-26, 19200, Nordrhein-Westfalen, 5, 0.1538, 62600
2020-27, -600, Nordrhein-Westfalen, 5, -0.009, 62000
2020-28, -5000, Nordrhein-Westfalen, 5, -0.075, 57000
2020-29, -1800, Nordrhein-Westfalen, 5, -0.027, 55200
2020-30, 8000, Nordrhein-Westfalen, 5, 0.0641, 63200
2020-31, 9100, Nordrhein-Westfalen, 5, 0.0729, 72300
2020-32, 29200, Nordrhein-Westfalen, 5, 0.234, 101500
2020-33, 27100, Nordrhein-Westfalen, 5, 0.2171, 128600
2020-34, 6600, Nordrhein-Westfalen, 5, 0.0529, 135200
2020-35, 32600, Nordrhein-Westfalen, 5, 0.2612, 167800
2020-36, -26100, Nordrhein-Westfalen, 5, -0.3913, 141700
2020-37, 18500, Nordrhein-Westfalen, 5, 0.1482, 160200
2020-38, -19700, Nordrhein-Westfalen, 5, -0.2954, 140500
2020-39, 27500, Nordrhein-Westfalen, 5, 0.2204, 168000
2020-40, -23600, Nordrhein-Westfalen, 5, -0.3538, 144400
2020-41, 40100, Nordrhein-Westfalen, 5, 0.3213, 184500
2020-42, -50200, Nordrhein-Westfalen, 5, -0.7526, 134300
2020-43, 16200, Nordrhein-Westfalen, 5, 0.1298, 150500
2020-44, 39600, Nordrhein-Westfalen, 5, 0.3173, 190100
2020-45, 13900, Nordrhein-Westfalen, 5, 0.1114, 204000
2020-46, -34400, Nordrhein-Westfalen, 5, -0.5157, 169600
2020-47, -2700, Nordrhein-Westfalen, 5, -0.0405, 166900
2020-48, -7800, Nordrhein-Westfalen, 5, -0.1169, 159100
2020-49, -11600, Nordrhein-Westfalen, 5, -0.1739, 147500
2020-50, 13300, Nordrhein-Westfalen, 5, 0.1066, 160800
2020-51, 29400, Nordrhein-Westfalen, 5, 0.2356, 190200
2020-52, -85900, Nordrhein-Westfalen, 5, -1.2879, 104300
2020-53, -30200, Nordrhein-Westfalen, 5, -0.4528, 74100
2021-01, 46300, Nordrhein-Westfalen, 5, 0.371, 120400
2021-02, , Nordrhein-Westfalen, 5, , 120400
2021-03, -7400, Nordrhein-Westfalen, 5, -0.1109, 113000
2021-04, -1600, Nordrhein-Westfalen, 5, -0.024, 111400
2021-05, -2200, Nordrhein-Westfalen, 5, -0.033, 109200
2021-06, -8900, Nordrhein-Westfalen, 5, -0.1334, 100300
2021-07, 2900, Nordrhein-Westfalen, 5, 0.0232, 103200
2021-08, 200, Nordrhein-Westfalen, 5, 0.0016, 103400
2021-09, 4700, Nordrhein-Westfalen, 5, 0.0377, 108100
2021-10, 1800, Nordrhein-Westfalen, 5, 0.0144, 109900
2021-11, 11100, Nordrhein-Westfalen, 5, 0.0889, 121000
2021-12, 10400, Nordrhein-Westfalen, 5, 0.0833, 131400
2021-13, -25100, Nordrhein-Westfalen, 5, -0.3763, 106300
2021-14, 3700, Nordrhein-Westfalen, 5, 0.0296, 110000
2021-15, 25100, Nordrhein-Westfalen, 5, 0.2011, 135100
2021-16, 10400, Nordrhein-Westfalen, 5, 0.0833, 145500
2021-17, -2600, Nordrhein-Westfalen, 5, -0.039, 142900
2021-18, -12300, Nordrhein-Westfalen, 5, -0.1844, 130600
2021-19, -3400, Nordrhein-Westfalen, 5, -0.051, 127200
2021-20, 21500, Nordrhein-Westfalen, 5, 0.1723, 148700
2021-21, -35400, Nordrhein-Westfalen, 5, -0.5307, 113300
2021-22, -3000, Nordrhein-Westfalen, 5, -0.045, 110300
2021-23, -100, Nordrhein-Westfalen, 5, -0.0015, 110200
2021-24, -7100, Nordrhein-Westfalen, 5, -0.1064, 103100
2021-25, -2000, Nordrhein-Westfalen, 5, -0.03, 101100
2021-26, -3400, Nordrhein-Westfalen, 5, -0.051, 97700
2021-27, -28600, Nordrhein-Westfalen, 5, -0.4288, 69100
2021-28, 400, Nordrhein-Westfalen, 5, 0.0032, 69500
2021-29, -2100, Nordrhein-Westfalen, 5, -0.0315, 67400
2021-30, -3200, Nordrhein-Westfalen, 5, -0.048, 64200
2021-31, 2400, Nordrhein-Westfalen, 5, 0.0192, 66600
2021-32, 7900, Nordrhein-Westfalen, 5, 0.0633, 74500
2021-33, 33000, Nordrhein-Westfalen, 5, 0.2644, 107500
2021-34, 35700, Nordrhein-Westfalen, 5, 0.2861, 143200
2021-35, 7100, Nordrhein-Westfalen, 5, 0.0569, 150300
2021-36, -800, Nordrhein-Westfalen, 5, -0.012, 149500
2021-37, -14800, Nordrhein-Westfalen, 5, -0.2219, 134700
2021-38, -6300, Nordrhein-Westfalen, 5, -0.0945, 128400
2021-39, -5000, Nordrhein-Westfalen, 5, -0.075, 123400
2021-40, 100, Nordrhein-Westfalen, 5, 0.0008, 123500
2021-41, -35300, Nordrhein-Westfalen, 5, -0.5292, 88200
2021-42, 6100, Nordrhein-Westfalen, 5, 0.0489, 94300
2021-43, 54100, Nordrhein-Westfalen, 5, 0.4335, 148400
2021-44, -5400, Nordrhein-Westfalen, 5, -0.081, 143000
2021-45, 37200, Nordrhein-Westfalen, 5, 0.2981, 180200
2021-46, 33700, Nordrhein-Westfalen, 5, 0.27, 213900
2021-47, 18900, Nordrhein-Westfalen, 5, 0.1514, 232800
2021-48, 7800, Nordrhein-Westfalen, 5, 0.0625, 240600
2021-49, -20600, Nordrhein-Westfalen, 5, -0.3088, 220000
2021-50, -15900, Nordrhein-Westfalen, 5, -0.2384, 204100
2021-51, -38000, Nordrhein-Westfalen, 5, -0.5697, 166100
2021-52, -62100, Nordrhein-Westfalen, 5, -0.931, 104000
2022-01, 79600, Nordrhein-Westfalen, 5, 0.6378, 183600
2022-02, 124800, Nordrhein-Westfalen, 5, 1, 308400
2022-03, 86600, Nordrhein-Westfalen, 5, 0.6939, 395000
2022-04, -36300, Nordrhein-Westfalen, 5, -0.5442, 358700
2022-05, -24600, Nordrhein-Westfalen, 5, -0.3688, 334100
2022-06, -5200, Nordrhein-Westfalen, 5, -0.078, 328900
2022-07, -66700, Nordrhein-Westfalen, 5, -1, 262200
2022-08, -26000, Nordrhein-Westfalen, 5, -0.3898, 236200
2022-09, -18100, Nordrhein-Westfalen, 5, -0.2714, 218100
2022-10, 50900, Nordrhein-Westfalen, 5, 0.4079, 269000
2022-11, 7800, Nordrhein-Westfalen, 5, 0.0625, 276800
2022-12, -15900, Nordrhein-Westfalen, 5, -0.2384, 260900
2022-13, -30800, Nordrhein-Westfalen, 5, -0.4618, 230100
2022-14, -48600, Nordrhein-Westfalen, 5, -0.7286, 181500
2022-15, -48900, Nordrhein-Westfalen, 5, -0.7331, 132600
2022-16, -12000, Nordrhein-Westfalen, 5, -0.1799, 120600
2022-17, 3800, Nordrhein-Westfalen, 5, 0.0304, 124400
2022-18, -21600, Nordrhein-Westfalen, 5, -0.3238, 102800
2022-19, -6200, Nordrhein-Westfalen, 5, -0.093, 96600
2022-20, -12400, Nordrhein-Westfalen, 5, -0.1859, 84200
2022-21, -15600, Nordrhein-Westfalen, 5, -0.2339, 68600
2022-22, 14300, Nordrhein-Westfalen, 5, 0.1146, 82900
2022-23, 8000, Nordrhein-Westfalen, 5, 0.0641, 90900
2022-24, 5700, Nordrhein-Westfalen, 5, 0.0457, 96600
2022-25, 22100, Nordrhein-Westfalen, 5, 0.1771, 118700
2022-26, -2200, Nordrhein-Westfalen, 5, -0.033, 116500
2022-27, -5800, Nordrhein-Westfalen, 5, -0.087, 110700
2022-28, -3300, Nordrhein-Westfalen, 5, -0.0495, 107400
2022-29, -11600, Nordrhein-Westfalen, 5, -0.1739, 95800
2022-30, -8200, Nordrhein-Westfalen, 5, -0.1229, 87600
2022-31, -3200, Nordrhein-Westfalen, 5, -0.048, 84400
2022-32, 600, Nordrhein-Westfalen, 5, 0.0048, 85000
2022-33, 300, Nordrhein-Westfalen, 5, 0.0024, 85300
2022-34, -4600, Nordrhein-Westfalen, 5, -0.069, 80700
2022-35, -3600, Nordrhein-Westfalen, 5, -0.054, 77100
2022-36, -2300, Nordrhein-Westfalen, 5, -0.0345, 74800
2022-37, -2200, Nordrhein-Westfalen, 5, -0.033, 72600
2022-38, 6300, Nordrhein-Westfalen, 5, 0.0505, 78900
2022-39, 11800, Nordrhein-Westfalen, 5, 0.0946, 90700
2022-40, 6400, Nordrhein-Westfalen, 5, 0.0513, 97100
2022-41, 11800, Nordrhein-Westfalen, 5, 0.0946, 108900
2022-42, 3000, Nordrhein-Westfalen, 5, 0.024, 111900
2022-43, -15000, Nordrhein-Westfalen, 5, -0.2249, 96900
2022-44, -19800, Nordrhein-Westfalen, 5, -0.2969, 77100
2022-45, -700, Nordrhein-Westfalen, 5, -0.0105, 76400
2022-46, -4100, Nordrhein-Westfalen, 5, -0.0615, 72300
2022-47, -700, Nordrhein-Westfalen, 5, -0.0105, 71600
