Week, difference, region, region_id, trend, value
2020-12, , Niedersachsen, 3, , 5.7
2020-13, 0.9, Niedersachsen, 3, 0.075, 6.6
2020-14, -0.4, Niedersachsen, 3, -0.036, 6.2
2020-15, -0.8, Niedersachsen, 3, -0.0721, 5.4
2020-16, -0.5, Niedersachsen, 3, -0.045, 4.9
2020-17, -2, Niedersachsen, 3, -0.1802, 2.9
2020-18, -0.1, Niedersachsen, 3, -0.009, 2.8
2020-19, -1.2, Niedersachsen, 3, -0.1081, 1.6
2020-20, -0.7, Niedersachsen, 3, -0.0631, 0.9
2020-21, 0.8, Niedersachsen, 3, 0.0667, 1.7
2020-22, 0.2, Niedersachsen, 3, 0.0167, 1.9
2020-23, , Niedersachsen, 3, , 1.9
2020-24, -0.5, Niedersachsen, 3, -0.045, 1.4
2020-25, -0.4, Niedersachsen, 3, -0.036, 1
2020-26, -0.6, Niedersachsen, 3, -0.0541, 0.4
2020-27, -0.1, Niedersachsen, 3, -0.009, 0.3
2020-28, -0.2, Niedersachsen, 3, -0.018, 0.1
2020-29, 0.1, Niedersachsen, 3, 0.0083, 0.2
2020-30, 0.1, Niedersachsen, 3, 0.0083, 0.3
2020-31, 0.4, Niedersachsen, 3, 0.0333, 0.7
2020-32, -0.2, Niedersachsen, 3, -0.018, 0.5
2020-33, 0.2, Niedersachsen, 3, 0.0167, 0.7
2020-34, -0.2, Niedersachsen, 3, -0.018, 0.5
2020-35, 0.1, Niedersachsen, 3, 0.0083, 0.6
2020-36, 0.1, Niedersachsen, 3, 0.0083, 0.7
2020-37, , Niedersachsen, 3, , 0.7
2020-38, 0.2, Niedersachsen, 3, 0.0167, 0.9
2020-39, , Niedersachsen, 3, , 0.9
2020-40, 0.5, Niedersachsen, 3, 0.0417, 1.4
2020-41, 0.3, Niedersachsen, 3, 0.025, 1.7
2020-42, 1.1, Niedersachsen, 3, 0.0917, 2.8
2020-43, 1.3, Niedersachsen, 3, 0.1083, 4.1
2020-44, 1.4, Niedersachsen, 3, 0.1167, 5.5
2020-45, 0.5, Niedersachsen, 3, 0.0417, 6
2020-46, 0.5, Niedersachsen, 3, 0.0417, 6.5
2020-47, -0.2, Niedersachsen, 3, -0.018, 6.3
2020-48, -0.6, Niedersachsen, 3, -0.0541, 5.7
2020-49, -0.1, Niedersachsen, 3, -0.009, 5.6
2020-50, 0.6, Niedersachsen, 3, 0.05, 6.2
2020-51, 0.9, Niedersachsen, 3, 0.075, 7.1
2020-52, 2.6, Niedersachsen, 3, 0.2167, 9.7
2020-53, 1.2, Niedersachsen, 3, 0.1, 10.9
2021-01, -1.9, Niedersachsen, 3, -0.1712, 9
2021-02, -1.2, Niedersachsen, 3, -0.1081, 7.8
2021-03, -1.3, Niedersachsen, 3, -0.1171, 6.5
2021-04, -0.7, Niedersachsen, 3, -0.0631, 5.8
2021-05, -0.3, Niedersachsen, 3, -0.027, 5.5
2021-06, 0.2, Niedersachsen, 3, 0.0167, 5.7
2021-07, , Niedersachsen, 3, , 5.7
2021-08, 0.4, Niedersachsen, 3, 0.0333, 6.1
2021-09, -1.3, Niedersachsen, 3, -0.1171, 4.8
2021-10, 0.4, Niedersachsen, 3, 0.0333, 5.2
2021-11, 1.2, Niedersachsen, 3, 0.1, 6.4
2021-12, 1.3, Niedersachsen, 3, 0.1083, 7.7
2021-13, 1.5, Niedersachsen, 3, 0.125, 9.2
2021-14, 0.2, Niedersachsen, 3, 0.0167, 9.4
2021-15, -0.6, Niedersachsen, 3, -0.0541, 8.8
2021-16, -0.1, Niedersachsen, 3, -0.009, 8.7
2021-17, -1, Niedersachsen, 3, -0.0901, 7.7
2021-18, -1, Niedersachsen, 3, -0.0901, 6.7
2021-19, -0.4, Niedersachsen, 3, -0.036, 6.3
2021-20, -1.6, Niedersachsen, 3, -0.1441, 4.7
2021-21, -1.1, Niedersachsen, 3, -0.0991, 3.6
2021-22, -1.6, Niedersachsen, 3, -0.1441, 2
2021-23, -0.4, Niedersachsen, 3, -0.036, 1.6
2021-24, -0.8, Niedersachsen, 3, -0.0721, 0.8
2021-25, -0.3, Niedersachsen, 3, -0.027, 0.5
2021-26, -0.1, Niedersachsen, 3, -0.009, 0.4
2021-27, , Niedersachsen, 3, , 0.4
2021-28, 0.5, Niedersachsen, 3, 0.0417, 0.9
2021-29, 0.1, Niedersachsen, 3, 0.0083, 1
2021-30, 0.3, Niedersachsen, 3, 0.025, 1.3
2021-31, 0.1, Niedersachsen, 3, 0.0083, 1.4
2021-32, 0.9, Niedersachsen, 3, 0.075, 2.3
2021-33, 1.2, Niedersachsen, 3, 0.1, 3.5
2021-34, 1.3, Niedersachsen, 3, 0.1083, 4.8
2021-35, 2.5, Niedersachsen, 3, 0.2083, 7.3
2021-36, -1.1, Niedersachsen, 3, -0.0991, 6.2
2021-37, -1, Niedersachsen, 3, -0.0901, 5.2
2021-38, -1.1, Niedersachsen, 3, -0.0991, 4.1
2021-39, , Niedersachsen, 3, , 4.1
2021-40, 0.3, Niedersachsen, 3, 0.025, 4.4
2021-41, 0.4, Niedersachsen, 3, 0.0333, 4.8
2021-42, 1.7, Niedersachsen, 3, 0.1417, 6.5
2021-43, 1.8, Niedersachsen, 3, 0.15, 8.3
2021-44, 1.1, Niedersachsen, 3, 0.0917, 9.4
2021-45, 1.5, Niedersachsen, 3, 0.125, 10.9
2021-46, 2.5, Niedersachsen, 3, 0.2083, 13.4
2021-47, 1.7, Niedersachsen, 3, 0.1417, 15.1
2021-48, -0.1, Niedersachsen, 3, -0.009, 15
2021-49, 0.4, Niedersachsen, 3, 0.0333, 15.4
2021-50, -0.7, Niedersachsen, 3, -0.0631, 14.7
2021-51, 0.2, Niedersachsen, 3, 0.0167, 14.9
2021-52, 4, Niedersachsen, 3, 0.3333, 18.9
2022-01, -0.6, Niedersachsen, 3, -0.0541, 18.3
2022-02, 5.5, Niedersachsen, 3, 0.4583, 23.8
2022-03, 10.2, Niedersachsen, 3, 0.85, 34
2022-04, 7.9, Niedersachsen, 3, 0.6583, 41.9
2022-05, 6.3, Niedersachsen, 3, 0.525, 48.2
2022-06, 0.1, Niedersachsen, 3, 0.0083, 48.3
2022-07, 1.9, Niedersachsen, 3, 0.1583, 50.2
2022-08, 1.4, Niedersachsen, 3, 0.1167, 51.6
2022-09, 3.3, Niedersachsen, 3, 0.275, 54.9
2022-10, 5.5, Niedersachsen, 3, 0.4583, 60.4
2022-11, 3.7, Niedersachsen, 3, 0.3083, 64.1
2022-12, 0.9, Niedersachsen, 3, 0.075, 65
2022-13, -1.8, Niedersachsen, 3, -0.1622, 63.2
2022-14, -2.7, Niedersachsen, 3, -0.2432, 60.5
2022-15, -0.2, Niedersachsen, 3, -0.018, 60.3
2022-16, -3.1, Niedersachsen, 3, -0.2793, 57.2
2022-17, -7.8, Niedersachsen, 3, -0.7027, 49.4
2022-18, -3.8, Niedersachsen, 3, -0.3423, 45.6
2022-19, -3.9, Niedersachsen, 3, -0.3514, 41.7
2022-20, -6.5, Niedersachsen, 3, -0.5856, 35.2
2022-21, -6.3, Niedersachsen, 3, -0.5676, 28.9
2022-22, 5.8, Niedersachsen, 3, 0.4833, 34.7
2022-23, 12, Niedersachsen, 3, 1, 46.7
2022-24, 3.1, Niedersachsen, 3, 0.2583, 49.8
2022-25, 4.4, Niedersachsen, 3, 0.3667, 54.2
2022-26, 0.9, Niedersachsen, 3, 0.075, 55.1
2022-27, , Niedersachsen, 3, , 55.1
2022-28, 1.6, Niedersachsen, 3, 0.1333, 56.7
2022-29, -2.8, Niedersachsen, 3, -0.2523, 53.9
2022-30, -8.7, Niedersachsen, 3, -0.7838, 45.2
2022-31, -4, Niedersachsen, 3, -0.3604, 41.2
2022-32, -2.7, Niedersachsen, 3, -0.2432, 38.5
2022-33, -0.8, Niedersachsen, 3, -0.0721, 37.7
2022-34, -4.2, Niedersachsen, 3, -0.3784, 33.5
2022-35, -3.7, Niedersachsen, 3, -0.3333, 29.8
2022-36, 1.5, Niedersachsen, 3, 0.125, 31.3
2022-37, 1.1, Niedersachsen, 3, 0.0917, 32.4
2022-38, 2.7, Niedersachsen, 3, 0.225, 35.1
2022-39, 10.4, Niedersachsen, 3, 0.8667, 45.5
2022-40, 6.7, Niedersachsen, 3, 0.5583, 52.2
2022-41, -1.7, Niedersachsen, 3, -0.1532, 50.5
2022-42, -1.4, Niedersachsen, 3, -0.1261, 49.1
2022-43, -3.5, Niedersachsen, 3, -0.3153, 45.6
2022-44, -8.3, Niedersachsen, 3, -0.7477, 37.3
2022-45, -5.9, Niedersachsen, 3, -0.5315, 31.4
2022-46, -2.3, Niedersachsen, 3, -0.2072, 29.1
2022-47, 2, Niedersachsen, 3, 0.1667, 31.1
2022-48, 4.2, Niedersachsen, 3, 0.35, 35.3
2022-49, 2.7, Niedersachsen, 3, 0.225, 38
2022-50, 1.3, Niedersachsen, 3, 0.1083, 39.3
2022-51, 8.1, Niedersachsen, 3, 0.675, 47.4
2022-52, -3.8, Niedersachsen, 3, -0.3423, 43.6
2023-01, -11.1, Niedersachsen, 3, -1, 32.5
2023-02, -9.3, Niedersachsen, 3, -0.8378, 23.2
2023-03, -3.5, Niedersachsen, 3, -0.3153, 19.7
2023-04, 1.8, Niedersachsen, 3, 0.15, 21.5
2023-05, -0.1, Niedersachsen, 3, -0.009, 21.4
2023-06, -3.7, Niedersachsen, 3, -0.3333, 17.7
