Altersgruppe, Week, difference, trend, value
>=80, 2020-12, , , 5400
>=80, 2020-13, 2500, 0.5435, 7900
>=80, 2020-14, 7200, 1.5652, 15100
>=80, 2020-15, 5700, 1.2391, 20800
>=80, 2020-16, -1000, -0.1111, 19800
>=80, 2020-17, 3300, 0.7174, 23100
>=80, 2020-18, -800, -0.0889, 22300
>=80, 2020-19, 4800, 1.0435, 27100
>=80, 2020-20, 3600, 0.7826, 30700
>=80, 2020-21, -1200, -0.1333, 29500
>=80, 2020-22, 1100, 0.2391, 30600
>=80, 2020-23, -2300, -0.2556, 28300
>=80, 2020-24, -1500, -0.1667, 26800
>=80, 2020-25, 3800, 0.8261, 30600
>=80, 2020-26, -200, -0.0222, 30400
>=80, 2020-27, 100, 0.0217, 30500
>=80, 2020-28, 1300, 0.2826, 31800
>=80, 2020-29, 200, 0.0435, 32000
>=80, 2020-30, -200, -0.0222, 31800
>=80, 2020-31, 200, 0.0435, 32000
>=80, 2020-32, 600, 0.1304, 32600
>=80, 2020-33, 1100, 0.2391, 33700
>=80, 2020-34, , , 33700
>=80, 2020-35, 600, 0.1304, 34300
>=80, 2020-36, 700, 0.1522, 35000
>=80, 2020-37, 1600, 0.3478, 36600
>=80, 2020-38, 1300, 0.2826, 37900
>=80, 2020-39, 1200, 0.2609, 39100
>=80, 2020-40, 400, 0.087, 39500
>=80, 2020-41, 3400, 0.7391, 42900
>=80, 2020-42, 1100, 0.2391, 44000
>=80, 2020-43, 4600, 1, 48600
>=80, 2020-44, 4300, 0.9348, 52900
>=80, 2020-45, -200, -0.0222, 52700
>=80, 2020-46, -600, -0.0667, 52100
>=80, 2020-47, 600, 0.1304, 52700
>=80, 2020-48, 1900, 0.413, 54600
>=80, 2020-49, 1500, 0.3261, 56100
>=80, 2020-50, 3800, 0.8261, 59900
>=80, 2020-51, 3800, 0.8261, 63700
>=80, 2020-52, -16600, -1.8444, 47100
>=80, 2020-53, 300, 0.0652, 47400
>=80, 2021-01, 14700, 3.1957, 62100
>=80, 2021-02, -1500, -0.1667, 60600
>=80, 2021-03, -2100, -0.2333, 58500
>=80, 2021-04, -3000, -0.3333, 55500
>=80, 2021-05, -100, -0.0111, 55400
>=80, 2021-06, -4500, -0.5, 50900
>=80, 2021-07, -1900, -0.2111, 49000
>=80, 2021-08, -1100, -0.1222, 47900
>=80, 2021-09, -700, -0.0778, 47200
>=80, 2021-10, -800, -0.0889, 46400
>=80, 2021-11, 200, 0.0435, 46600
>=80, 2021-12, 1600, 0.3478, 48200
>=80, 2021-13, -7500, -0.8333, 40700
>=80, 2021-14, 3100, 0.6739, 43800
>=80, 2021-15, 3500, 0.7609, 47300
>=80, 2021-16, -500, -0.0556, 46800
>=80, 2021-17, , , 46800
>=80, 2021-18, -800, -0.0889, 46000
>=80, 2021-19, -5200, -0.5778, 40800
>=80, 2021-20, 1000, 0.2174, 41800
>=80, 2021-21, -3400, -0.3778, 38400
>=80, 2021-22, -1500, -0.1667, 36900
>=80, 2021-23, -400, -0.0444, 36500
>=80, 2021-24, 200, 0.0435, 36700
>=80, 2021-25, -800, -0.0889, 35900
>=80, 2021-26, -2600, -0.2889, 33300
>=80, 2021-27, -400, -0.0444, 32900
>=80, 2021-28, , , 32900
>=80, 2021-29, -700, -0.0778, 32200
>=80, 2021-30, 100, 0.0217, 32300
>=80, 2021-31, , , 32300
>=80, 2021-32, 100, 0.0217, 32400
>=80, 2021-33, -100, -0.0111, 32300
>=80, 2021-34, 500, 0.1087, 32800
>=80, 2021-35, 2200, 0.4783, 35000
>=80, 2021-36, 700, 0.1522, 35700
>=80, 2021-37, -700, -0.0778, 35000
>=80, 2021-38, -100, -0.0111, 34900
>=80, 2021-39, -100, -0.0111, 34800
>=80, 2021-40, 600, 0.1304, 35400
>=80, 2021-41, 900, 0.1957, 36300
>=80, 2021-42, 2200, 0.4783, 38500
>=80, 2021-43, 2100, 0.4565, 40600
>=80, 2021-44, 1900, 0.413, 42500
>=80, 2021-45, 5500, 1.1957, 48000
>=80, 2021-46, 3200, 0.6957, 51200
>=80, 2021-47, -500, -0.0556, 50700
>=80, 2021-48, , , 50700
>=80, 2021-49, -2800, -0.3111, 47900
>=80, 2021-50, -1100, -0.1222, 46800
>=80, 2021-51, -9500, -1.0556, 37300
>=80, 2021-52, -1700, -0.1889, 35600
>=80, 2022-01, 10400, 2.2609, 46000
>=80, 2022-02, 2200, 0.4783, 48200
>=80, 2022-03, 1800, 0.3913, 50000
>=80, 2022-04, 1400, 0.3043, 51400
>=80, 2022-05, 4500, 0.9783, 55900
>=80, 2022-06, 2600, 0.5652, 58500
>=80, 2022-07, -2600, -0.2889, 55900
>=80, 2022-08, 2900, 0.6304, 58800
>=80, 2022-09, -1500, -0.1667, 57300
>=80, 2022-10, 4500, 0.9783, 61800
>=80, 2022-11, 2500, 0.5435, 64300
>=80, 2022-12, -1300, -0.1444, 63000
>=80, 2022-13, -5200, -0.5778, 57800
>=80, 2022-14, -6100, -0.6778, 51700
>=80, 2022-15, -9000, -1, 42700
>=80, 2022-16, 300, 0.0652, 43000
>=80, 2022-17, -200, -0.0222, 42800
>=80, 2022-18, -1900, -0.2111, 40900
>=80, 2022-19, -1700, -0.1889, 39200
>=80, 2022-20, -3300, -0.3667, 35900
>=80, 2022-21, -4300, -0.4778, 31600
>=80, 2022-22, 2600, 0.5652, 34200
>=80, 2022-23, -1200, -0.1333, 33000
>=80, 2022-24, 500, 0.1087, 33500
>=80, 2022-25, 4200, 0.913, 37700
>=80, 2022-26, 300, 0.0652, 38000
>=80, 2022-27, 500, 0.1087, 38500
>=80, 2022-28, 2100, 0.4565, 40600
>=80, 2022-29, , , 40600
>=80, 2022-30, -2300, -0.2556, 38300
>=80, 2022-31, -2300, -0.2556, 36000
>=80, 2022-32, -1800, -0.2, 34200
>=80, 2022-33, -800, -0.0889, 33400
>=80, 2022-34, -1800, -0.2, 31600
>=80, 2022-35, -300, -0.0333, 31300
>=80, 2022-36, 500, 0.1087, 31800
>=80, 2022-37, , , 31800
>=80, 2022-38, 2600, 0.5652, 34400
>=80, 2022-39, 3900, 0.8478, 38300
>=80, 2022-40, 3500, 0.7609, 41800
>=80, 2022-41, 4600, 1, 46400
>=80, 2022-42, -1100, -0.1222, 45300
>=80, 2022-43, -6500, -0.7222, 38800
>=80, 2022-44, -6200, -0.6889, 32600
>=80, 2022-45, 1000, 0.2174, 33600
>=80, 2022-46, -1500, -0.1667, 32100
>=80, 2022-47, 300, 0.0652, 32400
>=80, 2022-48, -500, -0.0556, 31900
>=80, 2022-49, 1800, 0.3913, 33700
>=80, 2022-50, 200, 0.0435, 33900
>=80, 2022-51, -2600, -0.2889, 31300
>=80, 2022-52, -5000, -0.5556, 26300
>=80, 2023-01, 2600, 0.5652, 28900
