Week, difference, region, region_id, trend, value
2020-W11, , Bremen, 4, , 
2020-W12, , Bremen, 4, , 
2020-W13, 2, Bremen, 4, 0.25, 2
2020-W14, 2, Bremen, 4, 0.25, 4
2020-W15, 5, Bremen, 4, 0.625, 9
2020-W16, , Bremen, 4, , 9
2020-W17, -6, Bremen, 4, -0.5455, 3
2020-W18, , Bremen, 4, , 3
2020-W19, -1, Bremen, 4, -0.0909, 2
2020-W20, 2, Bremen, 4, 0.25, 4
2020-W21, , Bremen, 4, , 4
2020-W22, -2, Bremen, 4, -0.1818, 2
2020-W23, 1, Bremen, 4, 0.125, 3
2020-W24, -1, Bremen, 4, -0.0909, 2
2020-W25, 1, Bremen, 4, 0.125, 3
2020-W26, -2, Bremen, 4, -0.1818, 1
2020-W27, 2, Bremen, 4, 0.25, 3
2020-W28, -1, Bremen, 4, -0.0909, 2
2020-W29, -2, Bremen, 4, -0.1818, 
2020-W30, , Bremen, 4, , 
2020-W31, 1, Bremen, 4, 0.125, 1
2020-W32, -1, Bremen, 4, -0.0909, 
2020-W33, , Bremen, 4, , 
2020-W34, , Bremen, 4, , 
2020-W35, , Bremen, 4, , 
2020-W36, 2, Bremen, 4, 0.25, 2
2020-W37, -2, Bremen, 4, -0.1818, 
2020-W38, , Bremen, 4, , 
2020-W39, , Bremen, 4, , 
2020-W40, , Bremen, 4, , 
2020-W41, 1, Bremen, 4, 0.125, 1
2020-W42, 2, Bremen, 4, 0.25, 3
2020-W43, -2, Bremen, 4, -0.1818, 1
2020-W44, 7, Bremen, 4, 0.875, 8
2020-W45, 6, Bremen, 4, 0.75, 14
2020-W46, -6, Bremen, 4, -0.5455, 8
2020-W47, 4, Bremen, 4, 0.5, 12
2020-W48, -2, Bremen, 4, -0.1818, 10
2020-W49, 10, Bremen, 4, 1.25, 20
2020-W50, -2, Bremen, 4, -0.1818, 18
2020-W51, -4, Bremen, 4, -0.3636, 14
2020-W52, , Bremen, 4, , 14
2020-W53, 6, Bremen, 4, 0.75, 20
2021-W01, , Bremen, 4, , 20
2021-W02, -11, Bremen, 4, -1, 9
2021-W03, 11, Bremen, 4, 1.375, 20
2021-W04, -3, Bremen, 4, -0.2727, 17
2021-W05, 1, Bremen, 4, 0.125, 18
2021-W06, 6, Bremen, 4, 0.75, 24
2021-W07, -8, Bremen, 4, -0.7273, 16
2021-W08, -3, Bremen, 4, -0.2727, 13
2021-W09, 14, Bremen, 4, 1.75, 27
2021-W10, -15, Bremen, 4, -1.3636, 12
2021-W11, 2, Bremen, 4, 0.25, 14
2021-W12, -5, Bremen, 4, -0.4545, 9
2021-W13, -4, Bremen, 4, -0.3636, 5
2021-W14, 9, Bremen, 4, 1.125, 14
2021-W15, , Bremen, 4, , 14
2021-W16, -5, Bremen, 4, -0.4545, 9
2021-W17, 1, Bremen, 4, 0.125, 10
2021-W18, -3, Bremen, 4, -0.2727, 7
2021-W19, , Bremen, 4, , 7
2021-W20, -4, Bremen, 4, -0.3636, 3
2021-W21, -1, Bremen, 4, -0.0909, 2
2021-W22, , Bremen, 4, , 2
2021-W23, 1, Bremen, 4, 0.125, 3
2021-W24, 2, Bremen, 4, 0.25, 5
2021-W25, -5, Bremen, 4, -0.4545, 
2021-W26, 5, Bremen, 4, 0.625, 5
2021-W27, -5, Bremen, 4, -0.4545, 
2021-W28, 1, Bremen, 4, 0.125, 1
2021-W29, 3, Bremen, 4, 0.375, 4
2021-W30, -4, Bremen, 4, -0.3636, 
2021-W31, , Bremen, 4, , 
2021-W32, 1, Bremen, 4, 0.125, 1
2021-W33, 2, Bremen, 4, 0.25, 3
2021-W34, -1, Bremen, 4, -0.0909, 2
2021-W35, -1, Bremen, 4, -0.0909, 1
2021-W36, 1, Bremen, 4, 0.125, 2
2021-W37, 2, Bremen, 4, 0.25, 4
2021-W38, -3, Bremen, 4, -0.2727, 1
2021-W39, 3, Bremen, 4, 0.375, 4
2021-W40, 4, Bremen, 4, 0.5, 8
2021-W41, -4, Bremen, 4, -0.3636, 4
2021-W42, 1, Bremen, 4, 0.125, 5
2021-W43, -2, Bremen, 4, -0.1818, 3
2021-W44, 1, Bremen, 4, 0.125, 4
2021-W45, -2, Bremen, 4, -0.1818, 2
2021-W46, 3, Bremen, 4, 0.375, 5
2021-W47, 1, Bremen, 4, 0.125, 6
2021-W48, 2, Bremen, 4, 0.25, 8
2021-W49, 2, Bremen, 4, 0.25, 10
2021-W50, , Bremen, 4, , 10
2021-W51, 4, Bremen, 4, 0.5, 14
2021-W52, -3, Bremen, 4, -0.2727, 11
2022-W01, 2, Bremen, 4, 0.25, 13
2022-W02, -6, Bremen, 4, -0.5455, 7
2022-W03, 4, Bremen, 4, 0.5, 11
2022-W04, 6, Bremen, 4, 0.75, 17
2022-W05, -13, Bremen, 4, -1.1818, 4
2022-W06, 6, Bremen, 4, 0.75, 10
2022-W07, , Bremen, 4, , 10
2022-W08, -3, Bremen, 4, -0.2727, 7
2022-W09, , Bremen, 4, , 7
2022-W10, , Bremen, 4, , 7
2022-W11, 4, Bremen, 4, 0.5, 11
2022-W12, -5, Bremen, 4, -0.4545, 6
2022-W13, -1, Bremen, 4, -0.0909, 5
2022-W14, 5, Bremen, 4, 0.625, 10
2022-W15, -1, Bremen, 4, -0.0909, 9
2022-W16, -1, Bremen, 4, -0.0909, 8
2022-W17, 2, Bremen, 4, 0.25, 10
2022-W18, 2, Bremen, 4, 0.25, 12
2022-W19, -10, Bremen, 4, -0.9091, 2
2022-W20, 3, Bremen, 4, 0.375, 5
2022-W21, -3, Bremen, 4, -0.2727, 2
2022-W22, 2, Bremen, 4, 0.25, 4
2022-W23, -2, Bremen, 4, -0.1818, 2
2022-W24, , Bremen, 4, , 2
2022-W25, 3, Bremen, 4, 0.375, 5
2022-W26, 3, Bremen, 4, 0.375, 8
2022-W27, -4, Bremen, 4, -0.3636, 4
2022-W28, , Bremen, 4, , 4
2022-W29, -1, Bremen, 4, -0.0909, 3
2022-W30, 5, Bremen, 4, 0.625, 8
2022-W31, -7, Bremen, 4, -0.6364, 1
2022-W32, 4, Bremen, 4, 0.5, 5
2022-W33, -2, Bremen, 4, -0.1818, 3
2022-W34, -1, Bremen, 4, -0.0909, 2
2022-W35, 2, Bremen, 4, 0.25, 4
2022-W36, -4, Bremen, 4, -0.3636, 
2022-W37, 2, Bremen, 4, 0.25, 2
2022-W38, 4, Bremen, 4, 0.5, 6
2022-W39, -3, Bremen, 4, -0.2727, 3
2022-W40, 2, Bremen, 4, 0.25, 5
2022-W41, -1, Bremen, 4, -0.0909, 4
2022-W42, 2, Bremen, 4, 0.25, 6
2022-W43, 3, Bremen, 4, 0.375, 9
2022-W44, -3, Bremen, 4, -0.2727, 6
2022-W45, 3, Bremen, 4, 0.375, 9
2022-W46, -7, Bremen, 4, -0.6364, 2
2022-W47, 1, Bremen, 4, 0.125, 3
2022-W48, 2, Bremen, 4, 0.25, 5
2022-W49, 1, Bremen, 4, 0.125, 6
2022-W50, 2, Bremen, 4, 0.25, 8
2022-W51, 3, Bremen, 4, 0.375, 11
2022-W52, -3, Bremen, 4, -0.2727, 8
2023-W01, 8, Bremen, 4, 1, 16
2023-W02, -11, Bremen, 4, -1, 5
2023-W03, 3, Bremen, 4, 0.375, 8
2023-W04, -6, Bremen, 4, -0.5455, 2
2023-W05, 2, Bremen, 4, 0.25, 4
2023-W06, , Bremen, 4, , 4
2023-W07, -3, Bremen, 4, -0.2727, 1
2023-W08, , Bremen, 4, , 1
2023-W09, 1, Bremen, 4, 0.125, 2
2023-W10, 2, Bremen, 4, 0.25, 4
2023-W11, 3, Bremen, 4, 0.375, 7
2023-W12, 2, Bremen, 4, 0.25, 9
2023-W13, , Bremen, 4, , 9
2023-W14, -8, Bremen, 4, -0.7273, 1
2023-W15, 7, Bremen, 4, 0.875, 8
2023-W16, -1, Bremen, 4, -0.0909, 7
