Week, difference, region, region_id, trend, value
2020-W11, , Nordrhein-Westfalen, 5, , 5
2020-W12, -4, Nordrhein-Westfalen, 5, -0.044, 1
2020-W13, 91, Nordrhein-Westfalen, 5, 0.6408, 92
2020-W14, 43, Nordrhein-Westfalen, 5, 0.3028, 135
2020-W15, 113, Nordrhein-Westfalen, 5, 0.7958, 248
2020-W16, 74, Nordrhein-Westfalen, 5, 0.5211, 322
2020-W17, -32, Nordrhein-Westfalen, 5, -0.3516, 290
2020-W18, -103, Nordrhein-Westfalen, 5, -1.1319, 187
2020-W19, -53, Nordrhein-Westfalen, 5, -0.5824, 134
2020-W20, -54, Nordrhein-Westfalen, 5, -0.5934, 80
2020-W21, -19, Nordrhein-Westfalen, 5, -0.2088, 61
2020-W22, -28, Nordrhein-Westfalen, 5, -0.3077, 33
2020-W23, -4, Nordrhein-Westfalen, 5, -0.044, 29
2020-W24, -9, Nordrhein-Westfalen, 5, -0.0989, 20
2020-W25, -3, Nordrhein-Westfalen, 5, -0.033, 17
2020-W26, -8, Nordrhein-Westfalen, 5, -0.0879, 9
2020-W27, 5, Nordrhein-Westfalen, 5, 0.0352, 14
2020-W28, 4, Nordrhein-Westfalen, 5, 0.0282, 18
2020-W29, -11, Nordrhein-Westfalen, 5, -0.1209, 7
2020-W30, 9, Nordrhein-Westfalen, 5, 0.0634, 16
2020-W31, -10, Nordrhein-Westfalen, 5, -0.1099, 6
2020-W32, 14, Nordrhein-Westfalen, 5, 0.0986, 20
2020-W33, -4, Nordrhein-Westfalen, 5, -0.044, 16
2020-W34, 6, Nordrhein-Westfalen, 5, 0.0423, 22
2020-W35, -11, Nordrhein-Westfalen, 5, -0.1209, 11
2020-W36, 2, Nordrhein-Westfalen, 5, 0.0141, 13
2020-W37, -7, Nordrhein-Westfalen, 5, -0.0769, 6
2020-W38, 9, Nordrhein-Westfalen, 5, 0.0634, 15
2020-W39, 6, Nordrhein-Westfalen, 5, 0.0423, 21
2020-W40, -2, Nordrhein-Westfalen, 5, -0.022, 19
2020-W41, 9, Nordrhein-Westfalen, 5, 0.0634, 28
2020-W42, 3, Nordrhein-Westfalen, 5, 0.0211, 31
2020-W43, 40, Nordrhein-Westfalen, 5, 0.2817, 71
2020-W44, 59, Nordrhein-Westfalen, 5, 0.4155, 130
2020-W45, 65, Nordrhein-Westfalen, 5, 0.4577, 195
2020-W46, 87, Nordrhein-Westfalen, 5, 0.6127, 282
2020-W47, 48, Nordrhein-Westfalen, 5, 0.338, 330
2020-W48, 124, Nordrhein-Westfalen, 5, 0.8732, 454
2020-W49, 48, Nordrhein-Westfalen, 5, 0.338, 502
2020-W50, 25, Nordrhein-Westfalen, 5, 0.1761, 527
2020-W51, 233, Nordrhein-Westfalen, 5, 1.6408, 760
2020-W52, -10, Nordrhein-Westfalen, 5, -0.1099, 750
2020-W53, 36, Nordrhein-Westfalen, 5, 0.2535, 786
2021-W01, 388, Nordrhein-Westfalen, 5, 2.7324, 1174
2021-W02, -35, Nordrhein-Westfalen, 5, -0.3846, 1139
2021-W03, -296, Nordrhein-Westfalen, 5, -3.2527, 843
2021-W04, 14, Nordrhein-Westfalen, 5, 0.0986, 857
2021-W05, -102, Nordrhein-Westfalen, 5, -1.1209, 755
2021-W06, -203, Nordrhein-Westfalen, 5, -2.2308, 552
2021-W07, -24, Nordrhein-Westfalen, 5, -0.2637, 528
2021-W08, -105, Nordrhein-Westfalen, 5, -1.1538, 423
2021-W09, -97, Nordrhein-Westfalen, 5, -1.0659, 326
2021-W10, -48, Nordrhein-Westfalen, 5, -0.5275, 278
2021-W11, -50, Nordrhein-Westfalen, 5, -0.5495, 228
2021-W12, -1, Nordrhein-Westfalen, 5, -0.011, 227
2021-W13, -21, Nordrhein-Westfalen, 5, -0.2308, 206
2021-W14, 57, Nordrhein-Westfalen, 5, 0.4014, 263
2021-W15, 33, Nordrhein-Westfalen, 5, 0.2324, 296
2021-W16, 60, Nordrhein-Westfalen, 5, 0.4225, 356
2021-W17, 11, Nordrhein-Westfalen, 5, 0.0775, 367
2021-W18, -4, Nordrhein-Westfalen, 5, -0.044, 363
2021-W19, -48, Nordrhein-Westfalen, 5, -0.5275, 315
2021-W20, -60, Nordrhein-Westfalen, 5, -0.6593, 255
2021-W21, -22, Nordrhein-Westfalen, 5, -0.2418, 233
2021-W22, -94, Nordrhein-Westfalen, 5, -1.033, 139
2021-W23, -15, Nordrhein-Westfalen, 5, -0.1648, 124
2021-W24, -59, Nordrhein-Westfalen, 5, -0.6484, 65
2021-W25, 5, Nordrhein-Westfalen, 5, 0.0352, 70
2021-W26, -17, Nordrhein-Westfalen, 5, -0.1868, 53
2021-W27, -13, Nordrhein-Westfalen, 5, -0.1429, 40
2021-W28, -2, Nordrhein-Westfalen, 5, -0.022, 38
2021-W29, -4, Nordrhein-Westfalen, 5, -0.044, 34
2021-W30, -16, Nordrhein-Westfalen, 5, -0.1758, 18
2021-W31, -6, Nordrhein-Westfalen, 5, -0.0659, 12
2021-W32, 3, Nordrhein-Westfalen, 5, 0.0211, 15
2021-W33, 24, Nordrhein-Westfalen, 5, 0.169, 39
2021-W34, 3, Nordrhein-Westfalen, 5, 0.0211, 42
2021-W35, 19, Nordrhein-Westfalen, 5, 0.1338, 61
2021-W36, 27, Nordrhein-Westfalen, 5, 0.1901, 88
2021-W37, 1, Nordrhein-Westfalen, 5, 0.007, 89
2021-W38, 16, Nordrhein-Westfalen, 5, 0.1127, 105
2021-W39, 2, Nordrhein-Westfalen, 5, 0.0141, 107
2021-W40, -34, Nordrhein-Westfalen, 5, -0.3736, 73
2021-W41, 21, Nordrhein-Westfalen, 5, 0.1479, 94
2021-W42, -2, Nordrhein-Westfalen, 5, -0.022, 92
2021-W43, 7, Nordrhein-Westfalen, 5, 0.0493, 99
2021-W44, 25, Nordrhein-Westfalen, 5, 0.1761, 124
2021-W45, 25, Nordrhein-Westfalen, 5, 0.1761, 149
2021-W46, 34, Nordrhein-Westfalen, 5, 0.2394, 183
2021-W47, 41, Nordrhein-Westfalen, 5, 0.2887, 224
2021-W48, 76, Nordrhein-Westfalen, 5, 0.5352, 300
2021-W49, -8, Nordrhein-Westfalen, 5, -0.0879, 292
2021-W50, 41, Nordrhein-Westfalen, 5, 0.2887, 333
2021-W51, -53, Nordrhein-Westfalen, 5, -0.5824, 280
2021-W52, -36, Nordrhein-Westfalen, 5, -0.3956, 244
2022-W01, -18, Nordrhein-Westfalen, 5, -0.1978, 226
2022-W02, -61, Nordrhein-Westfalen, 5, -0.6703, 165
2022-W03, -15, Nordrhein-Westfalen, 5, -0.1648, 150
2022-W04, 42, Nordrhein-Westfalen, 5, 0.2958, 192
2022-W05, -13, Nordrhein-Westfalen, 5, -0.1429, 179
2022-W06, 69, Nordrhein-Westfalen, 5, 0.4859, 248
2022-W07, 106, Nordrhein-Westfalen, 5, 0.7465, 354
2022-W08, -19, Nordrhein-Westfalen, 5, -0.2088, 335
2022-W09, -16, Nordrhein-Westfalen, 5, -0.1758, 319
2022-W10, -48, Nordrhein-Westfalen, 5, -0.5275, 271
2022-W11, 55, Nordrhein-Westfalen, 5, 0.3873, 326
2022-W12, -17, Nordrhein-Westfalen, 5, -0.1868, 309
2022-W13, 16, Nordrhein-Westfalen, 5, 0.1127, 325
2022-W14, -60, Nordrhein-Westfalen, 5, -0.6593, 265
2022-W15, -15, Nordrhein-Westfalen, 5, -0.1648, 250
2022-W16, -37, Nordrhein-Westfalen, 5, -0.4066, 213
2022-W17, 45, Nordrhein-Westfalen, 5, 0.3169, 258
2022-W18, -76, Nordrhein-Westfalen, 5, -0.8352, 182
2022-W19, -4, Nordrhein-Westfalen, 5, -0.044, 178
2022-W20, -25, Nordrhein-Westfalen, 5, -0.2747, 153
2022-W21, -43, Nordrhein-Westfalen, 5, -0.4725, 110
2022-W22, -20, Nordrhein-Westfalen, 5, -0.2198, 90
2022-W23, -34, Nordrhein-Westfalen, 5, -0.3736, 56
2022-W24, 9, Nordrhein-Westfalen, 5, 0.0634, 65
2022-W25, 40, Nordrhein-Westfalen, 5, 0.2817, 105
2022-W26, -26, Nordrhein-Westfalen, 5, -0.2857, 79
2022-W27, 34, Nordrhein-Westfalen, 5, 0.2394, 113
2022-W28, 42, Nordrhein-Westfalen, 5, 0.2958, 155
2022-W29, 11, Nordrhein-Westfalen, 5, 0.0775, 166
2022-W30, 12, Nordrhein-Westfalen, 5, 0.0845, 178
2022-W31, -1, Nordrhein-Westfalen, 5, -0.011, 177
2022-W32, -27, Nordrhein-Westfalen, 5, -0.2967, 150
2022-W33, 2, Nordrhein-Westfalen, 5, 0.0141, 152
2022-W34, -33, Nordrhein-Westfalen, 5, -0.3626, 119
2022-W35, 20, Nordrhein-Westfalen, 5, 0.1408, 139
2022-W36, -47, Nordrhein-Westfalen, 5, -0.5165, 92
2022-W37, -14, Nordrhein-Westfalen, 5, -0.1538, 78
2022-W38, 18, Nordrhein-Westfalen, 5, 0.1268, 96
2022-W39, 55, Nordrhein-Westfalen, 5, 0.3873, 151
2022-W40, -49, Nordrhein-Westfalen, 5, -0.5385, 102
2022-W41, 35, Nordrhein-Westfalen, 5, 0.2465, 137
2022-W42, 63, Nordrhein-Westfalen, 5, 0.4437, 200
2022-W43, , Nordrhein-Westfalen, 5, , 200
2022-W44, -10, Nordrhein-Westfalen, 5, -0.1099, 190
2022-W45, 8, Nordrhein-Westfalen, 5, 0.0563, 198
2022-W46, 14, Nordrhein-Westfalen, 5, 0.0986, 212
2022-W47, -19, Nordrhein-Westfalen, 5, -0.2088, 193
2022-W48, -4, Nordrhein-Westfalen, 5, -0.044, 189
2022-W49, -22, Nordrhein-Westfalen, 5, -0.2418, 167
2022-W50, 48, Nordrhein-Westfalen, 5, 0.338, 215
2022-W51, 12, Nordrhein-Westfalen, 5, 0.0845, 227
2022-W52, -91, Nordrhein-Westfalen, 5, -1, 136
2023-W01, 142, Nordrhein-Westfalen, 5, 1, 278
2023-W02, -43, Nordrhein-Westfalen, 5, -0.4725, 235
2023-W03, 1, Nordrhein-Westfalen, 5, 0.007, 236
2023-W04, -79, Nordrhein-Westfalen, 5, -0.8681, 157
2023-W05, -55, Nordrhein-Westfalen, 5, -0.6044, 102
2023-W06, 14, Nordrhein-Westfalen, 5, 0.0986, 116
2023-W07, -12, Nordrhein-Westfalen, 5, -0.1319, 104
2023-W08, 3, Nordrhein-Westfalen, 5, 0.0211, 107
2023-W09, 4, Nordrhein-Westfalen, 5, 0.0282, 111
2023-W10, 4, Nordrhein-Westfalen, 5, 0.0282, 115
2023-W11, 25, Nordrhein-Westfalen, 5, 0.1761, 140
2023-W12, 51, Nordrhein-Westfalen, 5, 0.3592, 191
2023-W13, -43, Nordrhein-Westfalen, 5, -0.4725, 148
2023-W14, -76, Nordrhein-Westfalen, 5, -0.8352, 72
2023-W15, 37, Nordrhein-Westfalen, 5, 0.2606, 109
2023-W16, -4, Nordrhein-Westfalen, 5, -0.044, 105
2023-W17, 15, Nordrhein-Westfalen, 5, 0.1056, 120
2023-W18, -61, Nordrhein-Westfalen, 5, -0.6703, 59
2023-W19, -15, Nordrhein-Westfalen, 5, -0.1648, 44
