Week, difference, region, region_id, trend, value
2020-W11, , Mecklenburg-Vorpommern, 13, , 
2020-W12, , Mecklenburg-Vorpommern, 13, , 
2020-W13, 1, Mecklenburg-Vorpommern, 13, 0.0769, 1
2020-W14, 3, Mecklenburg-Vorpommern, 13, 0.2308, 4
2020-W15, 2, Mecklenburg-Vorpommern, 13, 0.1538, 6
2020-W16, -2, Mecklenburg-Vorpommern, 13, -0.1333, 4
2020-W17, -3, Mecklenburg-Vorpommern, 13, -0.2, 1
2020-W18, 1, Mecklenburg-Vorpommern, 13, 0.0769, 2
2020-W19, -1, Mecklenburg-Vorpommern, 13, -0.0667, 1
2020-W20, , Mecklenburg-Vorpommern, 13, , 1
2020-W21, -1, Mecklenburg-Vorpommern, 13, -0.0667, 
2020-W22, , Mecklenburg-Vorpommern, 13, , 
2020-W23, , Mecklenburg-Vorpommern, 13, , 
2020-W24, , Mecklenburg-Vorpommern, 13, , 
2020-W25, , Mecklenburg-Vorpommern, 13, , 
2020-W26, , Mecklenburg-Vorpommern, 13, , 
2020-W27, , Mecklenburg-Vorpommern, 13, , 
2020-W28, , Mecklenburg-Vorpommern, 13, , 
2020-W29, , Mecklenburg-Vorpommern, 13, , 
2020-W30, , Mecklenburg-Vorpommern, 13, , 
2020-W31, , Mecklenburg-Vorpommern, 13, , 
2020-W32, , Mecklenburg-Vorpommern, 13, , 
2020-W33, , Mecklenburg-Vorpommern, 13, , 
2020-W34, , Mecklenburg-Vorpommern, 13, , 
2020-W35, , Mecklenburg-Vorpommern, 13, , 
2020-W36, , Mecklenburg-Vorpommern, 13, , 
2020-W37, , Mecklenburg-Vorpommern, 13, , 
2020-W38, , Mecklenburg-Vorpommern, 13, , 
2020-W39, , Mecklenburg-Vorpommern, 13, , 
2020-W40, , Mecklenburg-Vorpommern, 13, , 
2020-W41, , Mecklenburg-Vorpommern, 13, , 
2020-W42, 1, Mecklenburg-Vorpommern, 13, 0.0769, 1
2020-W43, -1, Mecklenburg-Vorpommern, 13, -0.0667, 
2020-W44, 2, Mecklenburg-Vorpommern, 13, 0.1538, 2
2020-W45, 4, Mecklenburg-Vorpommern, 13, 0.3077, 6
2020-W46, 3, Mecklenburg-Vorpommern, 13, 0.2308, 9
2020-W47, 6, Mecklenburg-Vorpommern, 13, 0.4615, 15
2020-W48, -7, Mecklenburg-Vorpommern, 13, -0.4667, 8
2020-W49, 5, Mecklenburg-Vorpommern, 13, 0.3846, 13
2020-W50, 9, Mecklenburg-Vorpommern, 13, 0.6923, 22
2020-W51, -1, Mecklenburg-Vorpommern, 13, -0.0667, 21
2020-W52, 4, Mecklenburg-Vorpommern, 13, 0.3077, 25
2020-W53, 9, Mecklenburg-Vorpommern, 13, 0.6923, 34
2021-W01, 28, Mecklenburg-Vorpommern, 13, 2.1538, 62
2021-W02, -3, Mecklenburg-Vorpommern, 13, -0.2, 59
2021-W03, 7, Mecklenburg-Vorpommern, 13, 0.5385, 66
2021-W04, 19, Mecklenburg-Vorpommern, 13, 1.4615, 85
2021-W05, 11, Mecklenburg-Vorpommern, 13, 0.8462, 96
2021-W06, -12, Mecklenburg-Vorpommern, 13, -0.8, 84
2021-W07, -23, Mecklenburg-Vorpommern, 13, -1.5333, 61
2021-W08, -10, Mecklenburg-Vorpommern, 13, -0.6667, 51
2021-W09, -15, Mecklenburg-Vorpommern, 13, -1, 36
2021-W10, -5, Mecklenburg-Vorpommern, 13, -0.3333, 31
2021-W11, -9, Mecklenburg-Vorpommern, 13, -0.6, 22
2021-W12, -4, Mecklenburg-Vorpommern, 13, -0.2667, 18
2021-W13, 11, Mecklenburg-Vorpommern, 13, 0.8462, 29
2021-W14, -2, Mecklenburg-Vorpommern, 13, -0.1333, 27
2021-W15, -2, Mecklenburg-Vorpommern, 13, -0.1333, 25
2021-W16, 12, Mecklenburg-Vorpommern, 13, 0.9231, 37
2021-W17, -2, Mecklenburg-Vorpommern, 13, -0.1333, 35
2021-W18, 8, Mecklenburg-Vorpommern, 13, 0.6154, 43
2021-W19, -8, Mecklenburg-Vorpommern, 13, -0.5333, 35
2021-W20, -5, Mecklenburg-Vorpommern, 13, -0.3333, 30
2021-W21, -18, Mecklenburg-Vorpommern, 13, -1.2, 12
2021-W22, -6, Mecklenburg-Vorpommern, 13, -0.4, 6
2021-W23, 12, Mecklenburg-Vorpommern, 13, 0.9231, 18
2021-W24, -15, Mecklenburg-Vorpommern, 13, -1, 3
2021-W25, 1, Mecklenburg-Vorpommern, 13, 0.0769, 4
2021-W26, , Mecklenburg-Vorpommern, 13, , 4
2021-W27, 2, Mecklenburg-Vorpommern, 13, 0.1538, 6
2021-W28, -2, Mecklenburg-Vorpommern, 13, -0.1333, 4
2021-W29, 7, Mecklenburg-Vorpommern, 13, 0.5385, 11
2021-W30, -7, Mecklenburg-Vorpommern, 13, -0.4667, 4
2021-W31, -1, Mecklenburg-Vorpommern, 13, -0.0667, 3
2021-W32, -2, Mecklenburg-Vorpommern, 13, -0.1333, 1
2021-W33, 1, Mecklenburg-Vorpommern, 13, 0.0769, 2
2021-W34, 1, Mecklenburg-Vorpommern, 13, 0.0769, 3
2021-W35, 1, Mecklenburg-Vorpommern, 13, 0.0769, 4
2021-W36, -2, Mecklenburg-Vorpommern, 13, -0.1333, 2
2021-W37, -1, Mecklenburg-Vorpommern, 13, -0.0667, 1
2021-W38, 1, Mecklenburg-Vorpommern, 13, 0.0769, 2
2021-W39, 2, Mecklenburg-Vorpommern, 13, 0.1538, 4
2021-W40, , Mecklenburg-Vorpommern, 13, , 4
2021-W41, 2, Mecklenburg-Vorpommern, 13, 0.1538, 6
2021-W42, 6, Mecklenburg-Vorpommern, 13, 0.4615, 12
2021-W43, 5, Mecklenburg-Vorpommern, 13, 0.3846, 17
2021-W44, 3, Mecklenburg-Vorpommern, 13, 0.2308, 20
2021-W45, -4, Mecklenburg-Vorpommern, 13, -0.2667, 16
2021-W46, -3, Mecklenburg-Vorpommern, 13, -0.2, 13
2021-W47, 17, Mecklenburg-Vorpommern, 13, 1.3077, 30
2021-W48, -2, Mecklenburg-Vorpommern, 13, -0.1333, 28
2021-W49, -2, Mecklenburg-Vorpommern, 13, -0.1333, 26
2021-W50, 21, Mecklenburg-Vorpommern, 13, 1.6154, 47
2021-W51, -20, Mecklenburg-Vorpommern, 13, -1.3333, 27
2021-W52, 2, Mecklenburg-Vorpommern, 13, 0.1538, 29
2022-W01, 9, Mecklenburg-Vorpommern, 13, 0.6923, 38
2022-W02, 17, Mecklenburg-Vorpommern, 13, 1.3077, 55
2022-W03, -19, Mecklenburg-Vorpommern, 13, -1.2667, 36
2022-W04, -12, Mecklenburg-Vorpommern, 13, -0.8, 24
2022-W05, , Mecklenburg-Vorpommern, 13, , 24
2022-W06, 10, Mecklenburg-Vorpommern, 13, 0.7692, 34
2022-W07, -3, Mecklenburg-Vorpommern, 13, -0.2, 31
2022-W08, , Mecklenburg-Vorpommern, 13, , 31
2022-W09, 12, Mecklenburg-Vorpommern, 13, 0.9231, 43
2022-W10, 15, Mecklenburg-Vorpommern, 13, 1.1538, 58
2022-W11, -14, Mecklenburg-Vorpommern, 13, -0.9333, 44
2022-W12, 12, Mecklenburg-Vorpommern, 13, 0.9231, 56
2022-W13, 6, Mecklenburg-Vorpommern, 13, 0.4615, 62
2022-W14, -15, Mecklenburg-Vorpommern, 13, -1, 47
2022-W15, -10, Mecklenburg-Vorpommern, 13, -0.6667, 37
2022-W16, , Mecklenburg-Vorpommern, 13, , 37
2022-W17, -20, Mecklenburg-Vorpommern, 13, -1.3333, 17
2022-W18, , Mecklenburg-Vorpommern, 13, , 17
2022-W19, 11, Mecklenburg-Vorpommern, 13, 0.8462, 28
2022-W20, -13, Mecklenburg-Vorpommern, 13, -0.8667, 15
2022-W21, -5, Mecklenburg-Vorpommern, 13, -0.3333, 10
2022-W22, -2, Mecklenburg-Vorpommern, 13, -0.1333, 8
2022-W23, , Mecklenburg-Vorpommern, 13, , 8
2022-W24, -3, Mecklenburg-Vorpommern, 13, -0.2, 5
2022-W25, 3, Mecklenburg-Vorpommern, 13, 0.2308, 8
2022-W26, , Mecklenburg-Vorpommern, 13, , 8
2022-W27, 3, Mecklenburg-Vorpommern, 13, 0.2308, 11
2022-W28, -2, Mecklenburg-Vorpommern, 13, -0.1333, 9
2022-W29, 9, Mecklenburg-Vorpommern, 13, 0.6923, 18
2022-W30, 11, Mecklenburg-Vorpommern, 13, 0.8462, 29
2022-W31, -9, Mecklenburg-Vorpommern, 13, -0.6, 20
2022-W32, -3, Mecklenburg-Vorpommern, 13, -0.2, 17
2022-W33, 3, Mecklenburg-Vorpommern, 13, 0.2308, 20
2022-W34, -2, Mecklenburg-Vorpommern, 13, -0.1333, 18
2022-W35, , Mecklenburg-Vorpommern, 13, , 18
2022-W36, -8, Mecklenburg-Vorpommern, 13, -0.5333, 10
2022-W37, 2, Mecklenburg-Vorpommern, 13, 0.1538, 12
2022-W38, 1, Mecklenburg-Vorpommern, 13, 0.0769, 13
2022-W39, -6, Mecklenburg-Vorpommern, 13, -0.4, 7
2022-W40, 9, Mecklenburg-Vorpommern, 13, 0.6923, 16
2022-W41, 3, Mecklenburg-Vorpommern, 13, 0.2308, 19
2022-W42, -5, Mecklenburg-Vorpommern, 13, -0.3333, 14
2022-W43, 1, Mecklenburg-Vorpommern, 13, 0.0769, 15
2022-W44, -6, Mecklenburg-Vorpommern, 13, -0.4, 9
2022-W45, 9, Mecklenburg-Vorpommern, 13, 0.6923, 18
2022-W46, -3, Mecklenburg-Vorpommern, 13, -0.2, 15
2022-W47, -1, Mecklenburg-Vorpommern, 13, -0.0667, 14
2022-W48, -7, Mecklenburg-Vorpommern, 13, -0.4667, 7
2022-W49, 6, Mecklenburg-Vorpommern, 13, 0.4615, 13
2022-W50, 8, Mecklenburg-Vorpommern, 13, 0.6154, 21
2022-W51, -6, Mecklenburg-Vorpommern, 13, -0.4, 15
2022-W52, 7, Mecklenburg-Vorpommern, 13, 0.5385, 22
2023-W01, 10, Mecklenburg-Vorpommern, 13, 0.7692, 32
2023-W02, -13, Mecklenburg-Vorpommern, 13, -0.8667, 19
2023-W03, , Mecklenburg-Vorpommern, 13, , 19
2023-W04, -15, Mecklenburg-Vorpommern, 13, -1, 4
2023-W05, -3, Mecklenburg-Vorpommern, 13, -0.2, 1
2023-W06, 13, Mecklenburg-Vorpommern, 13, 1, 14
2023-W07, -9, Mecklenburg-Vorpommern, 13, -0.6, 5
2023-W08, -1, Mecklenburg-Vorpommern, 13, -0.0667, 4
2023-W09, 2, Mecklenburg-Vorpommern, 13, 0.1538, 6
2023-W10, 2, Mecklenburg-Vorpommern, 13, 0.1538, 8
2023-W11, -6, Mecklenburg-Vorpommern, 13, -0.4, 2
2023-W12, 9, Mecklenburg-Vorpommern, 13, 0.6923, 11
2023-W13, 4, Mecklenburg-Vorpommern, 13, 0.3077, 15
2023-W14, -11, Mecklenburg-Vorpommern, 13, -0.7333, 4
2023-W15, 7, Mecklenburg-Vorpommern, 13, 0.5385, 11
2023-W16, -2, Mecklenburg-Vorpommern, 13, -0.1333, 9
2023-W17, -4, Mecklenburg-Vorpommern, 13, -0.2667, 5
2023-W18, 5, Mecklenburg-Vorpommern, 13, 0.3846, 10
2023-W19, -5, Mecklenburg-Vorpommern, 13, -0.3333, 5
