Week, difference, region, region_id, trend, value
2020-12, , Sachsen-Anhalt, 15, , 3400
2020-13, 700, Sachsen-Anhalt, 15, 0.3684, 4100
2020-14, -300, Sachsen-Anhalt, 15, -0.0968, 3800
2020-15, 400, Sachsen-Anhalt, 15, 0.2105, 4200
2020-16, 100, Sachsen-Anhalt, 15, 0.0526, 4300
2020-17, 2100, Sachsen-Anhalt, 15, 1.1053, 6400
2020-18, -1500, Sachsen-Anhalt, 15, -0.4839, 4900
2020-19, -300, Sachsen-Anhalt, 15, -0.0968, 4600
2020-20, 300, Sachsen-Anhalt, 15, 0.1579, 4900
2020-21, -1000, Sachsen-Anhalt, 15, -0.3226, 3900
2020-22, 500, Sachsen-Anhalt, 15, 0.2632, 4400
2020-23, , Sachsen-Anhalt, 15, , 4400
2020-24, 900, Sachsen-Anhalt, 15, 0.4737, 5300
2020-25, 1200, Sachsen-Anhalt, 15, 0.6316, 6500
2020-26, 800, Sachsen-Anhalt, 15, 0.4211, 7300
2020-27, 300, Sachsen-Anhalt, 15, 0.1579, 7600
2020-28, 900, Sachsen-Anhalt, 15, 0.4737, 8500
2020-29, -500, Sachsen-Anhalt, 15, -0.1613, 8000
2020-30, -500, Sachsen-Anhalt, 15, -0.1613, 7500
2020-31, 100, Sachsen-Anhalt, 15, 0.0526, 7600
2020-32, -1200, Sachsen-Anhalt, 15, -0.3871, 6400
2020-33, 200, Sachsen-Anhalt, 15, 0.1053, 6600
2020-34, , Sachsen-Anhalt, 15, , 6600
2020-35, 700, Sachsen-Anhalt, 15, 0.3684, 7300
2020-36, 100, Sachsen-Anhalt, 15, 0.0526, 7400
2020-37, 1200, Sachsen-Anhalt, 15, 0.6316, 8600
2020-38, 600, Sachsen-Anhalt, 15, 0.3158, 9200
2020-39, 100, Sachsen-Anhalt, 15, 0.0526, 9300
2020-40, 100, Sachsen-Anhalt, 15, 0.0526, 9400
2020-41, 200, Sachsen-Anhalt, 15, 0.1053, 9600
2020-42, 300, Sachsen-Anhalt, 15, 0.1579, 9900
2020-43, -700, Sachsen-Anhalt, 15, -0.2258, 9200
2020-44, 2400, Sachsen-Anhalt, 15, 1.2632, 11600
2020-45, -900, Sachsen-Anhalt, 15, -0.2903, 10700
2020-46, -600, Sachsen-Anhalt, 15, -0.1935, 10100
2020-47, 400, Sachsen-Anhalt, 15, 0.2105, 10500
2020-48, 600, Sachsen-Anhalt, 15, 0.3158, 11100
2020-49, 100, Sachsen-Anhalt, 15, 0.0526, 11200
2020-50, 2800, Sachsen-Anhalt, 15, 1.4737, 14000
2020-51, 500, Sachsen-Anhalt, 15, 0.2632, 14500
2020-52, -4400, Sachsen-Anhalt, 15, -1.4194, 10100
2020-53, -1300, Sachsen-Anhalt, 15, -0.4194, 8800
2021-01, 3000, Sachsen-Anhalt, 15, 1.5789, 11800
2021-02, 1100, Sachsen-Anhalt, 15, 0.5789, 12900
2021-03, -500, Sachsen-Anhalt, 15, -0.1613, 12400
2021-04, -600, Sachsen-Anhalt, 15, -0.1935, 11800
2021-05, -900, Sachsen-Anhalt, 15, -0.2903, 10900
2021-06, -1900, Sachsen-Anhalt, 15, -0.6129, 9000
2021-07, 1300, Sachsen-Anhalt, 15, 0.6842, 10300
2021-08, -400, Sachsen-Anhalt, 15, -0.129, 9900
2021-09, 1300, Sachsen-Anhalt, 15, 0.6842, 11200
2021-10, 500, Sachsen-Anhalt, 15, 0.2632, 11700
2021-11, 1200, Sachsen-Anhalt, 15, 0.6316, 12900
2021-12, 300, Sachsen-Anhalt, 15, 0.1579, 13200
2021-13, -2900, Sachsen-Anhalt, 15, -0.9355, 10300
2021-14, 1800, Sachsen-Anhalt, 15, 0.9474, 12100
2021-15, 300, Sachsen-Anhalt, 15, 0.1579, 12400
2021-16, -600, Sachsen-Anhalt, 15, -0.1935, 11800
2021-17, 800, Sachsen-Anhalt, 15, 0.4211, 12600
2021-18, -900, Sachsen-Anhalt, 15, -0.2903, 11700
2021-19, -2200, Sachsen-Anhalt, 15, -0.7097, 9500
2021-20, -400, Sachsen-Anhalt, 15, -0.129, 9100
2021-21, -700, Sachsen-Anhalt, 15, -0.2258, 8400
2021-22, 400, Sachsen-Anhalt, 15, 0.2105, 8800
2021-23, -1000, Sachsen-Anhalt, 15, -0.3226, 7800
2021-24, 300, Sachsen-Anhalt, 15, 0.1579, 8100
2021-25, -300, Sachsen-Anhalt, 15, -0.0968, 7800
2021-26, -400, Sachsen-Anhalt, 15, -0.129, 7400
2021-27, -900, Sachsen-Anhalt, 15, -0.2903, 6500
2021-28, -100, Sachsen-Anhalt, 15, -0.0323, 6400
2021-29, -400, Sachsen-Anhalt, 15, -0.129, 6000
2021-30, -700, Sachsen-Anhalt, 15, -0.2258, 5300
2021-31, 300, Sachsen-Anhalt, 15, 0.1579, 5600
2021-32, -200, Sachsen-Anhalt, 15, -0.0645, 5400
2021-33, 100, Sachsen-Anhalt, 15, 0.0526, 5500
2021-34, 100, Sachsen-Anhalt, 15, 0.0526, 5600
2021-35, 400, Sachsen-Anhalt, 15, 0.2105, 6000
2021-36, 1000, Sachsen-Anhalt, 15, 0.5263, 7000
2021-37, 500, Sachsen-Anhalt, 15, 0.2632, 7500
2021-38, 300, Sachsen-Anhalt, 15, 0.1579, 7800
2021-39, 500, Sachsen-Anhalt, 15, 0.2632, 8300
2021-40, 300, Sachsen-Anhalt, 15, 0.1579, 8600
2021-41, 600, Sachsen-Anhalt, 15, 0.3158, 9200
2021-42, -100, Sachsen-Anhalt, 15, -0.0323, 9100
2021-43, -700, Sachsen-Anhalt, 15, -0.2258, 8400
2021-44, 3600, Sachsen-Anhalt, 15, 1.8947, 12000
2021-45, 2900, Sachsen-Anhalt, 15, 1.5263, 14900
2021-46, 2900, Sachsen-Anhalt, 15, 1.5263, 17800
2021-47, 4000, Sachsen-Anhalt, 15, 2.1053, 21800
2021-48, -3400, Sachsen-Anhalt, 15, -1.0968, 18400
2021-49, -1900, Sachsen-Anhalt, 15, -0.6129, 16500
2021-50, -1900, Sachsen-Anhalt, 15, -0.6129, 14600
2021-51, -5800, Sachsen-Anhalt, 15, -1.871, 8800
2021-52, -2400, Sachsen-Anhalt, 15, -0.7742, 6400
2022-01, 1500, Sachsen-Anhalt, 15, 0.7895, 7900
2022-02, 1400, Sachsen-Anhalt, 15, 0.7368, 9300
2022-03, 1500, Sachsen-Anhalt, 15, 0.7895, 10800
2022-04, 2400, Sachsen-Anhalt, 15, 1.2632, 13200
2022-05, 3100, Sachsen-Anhalt, 15, 1.6316, 16300
2022-06, 1000, Sachsen-Anhalt, 15, 0.5263, 17300
2022-07, -3400, Sachsen-Anhalt, 15, -1.0968, 13900
2022-08, 2800, Sachsen-Anhalt, 15, 1.4737, 16700
2022-09, 500, Sachsen-Anhalt, 15, 0.2632, 17200
2022-10, 2400, Sachsen-Anhalt, 15, 1.2632, 19600
2022-11, 1500, Sachsen-Anhalt, 15, 0.7895, 21100
2022-12, -2500, Sachsen-Anhalt, 15, -0.8065, 18600
2022-13, -3700, Sachsen-Anhalt, 15, -1.1935, 14900
2022-14, -4500, Sachsen-Anhalt, 15, -1.4516, 10400
2022-15, -3100, Sachsen-Anhalt, 15, -1, 7300
2022-16, 900, Sachsen-Anhalt, 15, 0.4737, 8200
2022-17, 100, Sachsen-Anhalt, 15, 0.0526, 8300
2022-18, -1100, Sachsen-Anhalt, 15, -0.3548, 7200
2022-19, -600, Sachsen-Anhalt, 15, -0.1935, 6600
2022-20, -500, Sachsen-Anhalt, 15, -0.1613, 6100
2022-21, -1900, Sachsen-Anhalt, 15, -0.6129, 4200
2022-22, 500, Sachsen-Anhalt, 15, 0.2632, 4700
2022-23, 300, Sachsen-Anhalt, 15, 0.1579, 5000
2022-24, 100, Sachsen-Anhalt, 15, 0.0526, 5100
2022-25, 700, Sachsen-Anhalt, 15, 0.3684, 5800
2022-26, 400, Sachsen-Anhalt, 15, 0.2105, 6200
2022-27, 1300, Sachsen-Anhalt, 15, 0.6842, 7500
2022-28, -600, Sachsen-Anhalt, 15, -0.1935, 6900
2022-29, -700, Sachsen-Anhalt, 15, -0.2258, 6200
2022-30, -500, Sachsen-Anhalt, 15, -0.1613, 5700
2022-31, -200, Sachsen-Anhalt, 15, -0.0645, 5500
2022-32, 100, Sachsen-Anhalt, 15, 0.0526, 5600
2022-33, , Sachsen-Anhalt, 15, , 5600
2022-34, -500, Sachsen-Anhalt, 15, -0.1613, 5100
2022-35, 100, Sachsen-Anhalt, 15, 0.0526, 5200
2022-36, 700, Sachsen-Anhalt, 15, 0.3684, 5900
2022-37, -100, Sachsen-Anhalt, 15, -0.0323, 5800
2022-38, 600, Sachsen-Anhalt, 15, 0.3158, 6400
2022-39, 1900, Sachsen-Anhalt, 15, 1, 8300
2022-40, -1200, Sachsen-Anhalt, 15, -0.3871, 7100
2022-41, 500, Sachsen-Anhalt, 15, 0.2632, 7600
2022-42, -400, Sachsen-Anhalt, 15, -0.129, 7200
2022-43, -900, Sachsen-Anhalt, 15, -0.2903, 6300
2022-44, -300, Sachsen-Anhalt, 15, -0.0968, 6000
2022-45, -200, Sachsen-Anhalt, 15, -0.0645, 5800
2022-46, -500, Sachsen-Anhalt, 15, -0.1613, 5300
2022-47, 300, Sachsen-Anhalt, 15, 0.1579, 5600
2022-48, 800, Sachsen-Anhalt, 15, 0.4211, 6400
2022-49, 100, Sachsen-Anhalt, 15, 0.0526, 6500
2022-50, -400, Sachsen-Anhalt, 15, -0.129, 6100
2022-51, -1100, Sachsen-Anhalt, 15, -0.3548, 5000
2022-52, -900, Sachsen-Anhalt, 15, -0.2903, 4100
2023-01, 500, Sachsen-Anhalt, 15, 0.2632, 4600
2023-02, 200, Sachsen-Anhalt, 15, 0.1053, 4800
2023-03, -200, Sachsen-Anhalt, 15, -0.0645, 4600
2023-04, 200, Sachsen-Anhalt, 15, 0.1053, 4800
2023-05, -500, Sachsen-Anhalt, 15, -0.1613, 4300
2023-06, -400, Sachsen-Anhalt, 15, -0.129, 3900
2023-07, 100, Sachsen-Anhalt, 15, 0.0526, 4000
2023-08, -200, Sachsen-Anhalt, 15, -0.0645, 3800
2023-09, -1700, Sachsen-Anhalt, 15, -0.5484, 2100
2023-10, -900, Sachsen-Anhalt, 15, -0.2903, 1200
2023-11, 100, Sachsen-Anhalt, 15, 0.0526, 1300
2023-12, -200, Sachsen-Anhalt, 15, -0.0645, 1100
2023-13, , Sachsen-Anhalt, 15, , 1100
2023-14, -500, Sachsen-Anhalt, 15, -0.1613, 600
