Week, difference, region, region_id, trend, value
2020-12, , Mecklenburg-Vorpommern, 13, , 2.7
2020-13, 0.7, Mecklenburg-Vorpommern, 13, 0.0609, 3.4
2020-14, -1.4, Mecklenburg-Vorpommern, 13, -0.1647, 2
2020-15, 1.7, Mecklenburg-Vorpommern, 13, 0.1478, 3.7
2020-16, -1.8, Mecklenburg-Vorpommern, 13, -0.2118, 1.9
2020-17, -0.2, Mecklenburg-Vorpommern, 13, -0.0235, 1.7
2020-18, -1.2, Mecklenburg-Vorpommern, 13, -0.1412, 0.5
2020-19, -0.1, Mecklenburg-Vorpommern, 13, -0.0118, 0.4
2020-20, -0.1, Mecklenburg-Vorpommern, 13, -0.0118, 0.3
2020-21, -0.1, Mecklenburg-Vorpommern, 13, -0.0118, 0.2
2020-22, 0.2, Mecklenburg-Vorpommern, 13, 0.0174, 0.4
2020-23, , Mecklenburg-Vorpommern, 13, , 0.4
2020-24, -0.3, Mecklenburg-Vorpommern, 13, -0.0353, 0.1
2020-25, 0.2, Mecklenburg-Vorpommern, 13, 0.0174, 0.3
2020-26, , Mecklenburg-Vorpommern, 13, , 0.3
2020-27, -0.3, Mecklenburg-Vorpommern, 13, -0.0353, 
2020-28, 0.1, Mecklenburg-Vorpommern, 13, 0.0087, 0.1
2020-29, 0.2, Mecklenburg-Vorpommern, 13, 0.0174, 0.3
2020-30, -0.3, Mecklenburg-Vorpommern, 13, -0.0353, 
2020-31, 0.5, Mecklenburg-Vorpommern, 13, 0.0435, 0.5
2020-32, 0.1, Mecklenburg-Vorpommern, 13, 0.0087, 0.6
2020-33, -0.4, Mecklenburg-Vorpommern, 13, -0.0471, 0.2
2020-34, , Mecklenburg-Vorpommern, 13, , 0.2
2020-35, -0.1, Mecklenburg-Vorpommern, 13, -0.0118, 0.1
2020-36, 0.2, Mecklenburg-Vorpommern, 13, 0.0174, 0.3
2020-37, -0.1, Mecklenburg-Vorpommern, 13, -0.0118, 0.2
2020-38, 0.1, Mecklenburg-Vorpommern, 13, 0.0087, 0.3
2020-39, -0.1, Mecklenburg-Vorpommern, 13, -0.0118, 0.2
2020-40, 0.7, Mecklenburg-Vorpommern, 13, 0.0609, 0.9
2020-41, -0.3, Mecklenburg-Vorpommern, 13, -0.0353, 0.6
2020-42, 0.7, Mecklenburg-Vorpommern, 13, 0.0609, 1.3
2020-43, 0.8, Mecklenburg-Vorpommern, 13, 0.0696, 2.1
2020-44, 0.9, Mecklenburg-Vorpommern, 13, 0.0783, 3
2020-45, 1.2, Mecklenburg-Vorpommern, 13, 0.1043, 4.2
2020-46, -0.8, Mecklenburg-Vorpommern, 13, -0.0941, 3.4
2020-47, 0.7, Mecklenburg-Vorpommern, 13, 0.0609, 4.1
2020-48, -0.1, Mecklenburg-Vorpommern, 13, -0.0118, 4
2020-49, 0.1, Mecklenburg-Vorpommern, 13, 0.0087, 4.1
2020-50, 1.1, Mecklenburg-Vorpommern, 13, 0.0957, 5.2
2020-51, 0.8, Mecklenburg-Vorpommern, 13, 0.0696, 6
2020-52, 1.4, Mecklenburg-Vorpommern, 13, 0.1217, 7.4
2020-53, 1.8, Mecklenburg-Vorpommern, 13, 0.1565, 9.2
2021-01, -0.5, Mecklenburg-Vorpommern, 13, -0.0588, 8.7
2021-02, -2.6, Mecklenburg-Vorpommern, 13, -0.3059, 6.1
2021-03, 1.1, Mecklenburg-Vorpommern, 13, 0.0957, 7.2
2021-04, , Mecklenburg-Vorpommern, 13, , 7.2
2021-05, 0.3, Mecklenburg-Vorpommern, 13, 0.0261, 7.5
2021-06, 0.2, Mecklenburg-Vorpommern, 13, 0.0174, 7.7
2021-07, 0.3, Mecklenburg-Vorpommern, 13, 0.0261, 8
2021-08, -1.2, Mecklenburg-Vorpommern, 13, -0.1412, 6.8
2021-09, -1.2, Mecklenburg-Vorpommern, 13, -0.1412, 5.6
2021-10, -0.9, Mecklenburg-Vorpommern, 13, -0.1059, 4.7
2021-11, 1, Mecklenburg-Vorpommern, 13, 0.087, 5.7
2021-12, 1.5, Mecklenburg-Vorpommern, 13, 0.1304, 7.2
2021-13, 2.7, Mecklenburg-Vorpommern, 13, 0.2348, 9.9
2021-14, -0.8, Mecklenburg-Vorpommern, 13, -0.0941, 9.1
2021-15, -1, Mecklenburg-Vorpommern, 13, -0.1176, 8.1
2021-16, 0.4, Mecklenburg-Vorpommern, 13, 0.0348, 8.5
2021-17, -0.4, Mecklenburg-Vorpommern, 13, -0.0471, 8.1
2021-18, -1.9, Mecklenburg-Vorpommern, 13, -0.2235, 6.2
2021-19, -0.7, Mecklenburg-Vorpommern, 13, -0.0824, 5.5
2021-20, , Mecklenburg-Vorpommern, 13, , 5.5
2021-21, -3.3, Mecklenburg-Vorpommern, 13, -0.3882, 2.2
2021-22, -1.1, Mecklenburg-Vorpommern, 13, -0.1294, 1.1
2021-23, -0.3, Mecklenburg-Vorpommern, 13, -0.0353, 0.8
2021-24, -0.4, Mecklenburg-Vorpommern, 13, -0.0471, 0.4
2021-25, , Mecklenburg-Vorpommern, 13, , 0.4
2021-26, -0.1, Mecklenburg-Vorpommern, 13, -0.0118, 0.3
2021-27, -0.2, Mecklenburg-Vorpommern, 13, -0.0235, 0.1
2021-28, 0.2, Mecklenburg-Vorpommern, 13, 0.0174, 0.3
2021-29, 0.1, Mecklenburg-Vorpommern, 13, 0.0087, 0.4
2021-30, 0.6, Mecklenburg-Vorpommern, 13, 0.0522, 1
2021-31, , Mecklenburg-Vorpommern, 13, , 1
2021-32, 0.8, Mecklenburg-Vorpommern, 13, 0.0696, 1.8
2021-33, 0.3, Mecklenburg-Vorpommern, 13, 0.0261, 2.1
2021-34, 0.6, Mecklenburg-Vorpommern, 13, 0.0522, 2.7
2021-35, -0.6, Mecklenburg-Vorpommern, 13, -0.0706, 2.1
2021-36, 1.2, Mecklenburg-Vorpommern, 13, 0.1043, 3.3
2021-37, 0.1, Mecklenburg-Vorpommern, 13, 0.0087, 3.4
2021-38, 0.5, Mecklenburg-Vorpommern, 13, 0.0435, 3.9
2021-39, 0.5, Mecklenburg-Vorpommern, 13, 0.0435, 4.4
2021-40, 0.8, Mecklenburg-Vorpommern, 13, 0.0696, 5.2
2021-41, 0.5, Mecklenburg-Vorpommern, 13, 0.0435, 5.7
2021-42, -1.7, Mecklenburg-Vorpommern, 13, -0.2, 4
2021-43, 2.5, Mecklenburg-Vorpommern, 13, 0.2174, 6.5
2021-44, 3, Mecklenburg-Vorpommern, 13, 0.2609, 9.5
2021-45, 2.1, Mecklenburg-Vorpommern, 13, 0.1826, 11.6
2021-46, 2.6, Mecklenburg-Vorpommern, 13, 0.2261, 14.2
2021-47, 4.2, Mecklenburg-Vorpommern, 13, 0.3652, 18.4
2021-48, 1, Mecklenburg-Vorpommern, 13, 0.087, 19.4
2021-49, 1.4, Mecklenburg-Vorpommern, 13, 0.1217, 20.8
2021-50, -0.1, Mecklenburg-Vorpommern, 13, -0.0118, 20.7
2021-51, 1.4, Mecklenburg-Vorpommern, 13, 0.1217, 22.1
2021-52, 0.7, Mecklenburg-Vorpommern, 13, 0.0609, 22.8
2022-01, -5.1, Mecklenburg-Vorpommern, 13, -0.6, 17.7
2022-02, 0.4, Mecklenburg-Vorpommern, 13, 0.0348, 18.1
2022-03, 6.4, Mecklenburg-Vorpommern, 13, 0.5565, 24.5
2022-04, 7, Mecklenburg-Vorpommern, 13, 0.6087, 31.5
2022-05, 4, Mecklenburg-Vorpommern, 13, 0.3478, 35.5
2022-06, 3.4, Mecklenburg-Vorpommern, 13, 0.2957, 38.9
2022-07, 1.9, Mecklenburg-Vorpommern, 13, 0.1652, 40.8
2022-08, 1.3, Mecklenburg-Vorpommern, 13, 0.113, 42.1
2022-09, 8.2, Mecklenburg-Vorpommern, 13, 0.713, 50.3
2022-10, 2.2, Mecklenburg-Vorpommern, 13, 0.1913, 52.5
2022-11, 2.1, Mecklenburg-Vorpommern, 13, 0.1826, 54.6
2022-12, -2.9, Mecklenburg-Vorpommern, 13, -0.3412, 51.7
2022-13, -7.7, Mecklenburg-Vorpommern, 13, -0.9059, 44
2022-14, -0.5, Mecklenburg-Vorpommern, 13, -0.0588, 43.5
2022-15, -1.5, Mecklenburg-Vorpommern, 13, -0.1765, 42
2022-16, -12.8, Mecklenburg-Vorpommern, 13, -1.5059, 29.2
2022-17, -4.7, Mecklenburg-Vorpommern, 13, -0.5529, 24.5
2022-18, -3.3, Mecklenburg-Vorpommern, 13, -0.3882, 21.2
2022-19, -2, Mecklenburg-Vorpommern, 13, -0.2353, 19.2
2022-20, -1.5, Mecklenburg-Vorpommern, 13, -0.1765, 17.7
2022-21, -3.4, Mecklenburg-Vorpommern, 13, -0.4, 14.3
2022-22, -0.3, Mecklenburg-Vorpommern, 13, -0.0353, 14
2022-23, 8.1, Mecklenburg-Vorpommern, 13, 0.7043, 22.1
2022-24, -2.1, Mecklenburg-Vorpommern, 13, -0.2471, 20
2022-25, 7.5, Mecklenburg-Vorpommern, 13, 0.6522, 27.5
2022-26, 5.7, Mecklenburg-Vorpommern, 13, 0.4957, 33.2
2022-27, 3.6, Mecklenburg-Vorpommern, 13, 0.313, 36.8
2022-28, 1.2, Mecklenburg-Vorpommern, 13, 0.1043, 38
2022-29, 0.2, Mecklenburg-Vorpommern, 13, 0.0174, 38.2
2022-30, -6.2, Mecklenburg-Vorpommern, 13, -0.7294, 32
2022-31, -0.3, Mecklenburg-Vorpommern, 13, -0.0353, 31.7
2022-32, -0.2, Mecklenburg-Vorpommern, 13, -0.0235, 31.5
2022-33, -3.6, Mecklenburg-Vorpommern, 13, -0.4235, 27.9
2022-34, -0.7, Mecklenburg-Vorpommern, 13, -0.0824, 27.2
2022-35, -3.5, Mecklenburg-Vorpommern, 13, -0.4118, 23.7
2022-36, -1.8, Mecklenburg-Vorpommern, 13, -0.2118, 21.9
2022-37, 3.4, Mecklenburg-Vorpommern, 13, 0.2957, 25.3
2022-38, 3.8, Mecklenburg-Vorpommern, 13, 0.3304, 29.1
2022-39, 3.4, Mecklenburg-Vorpommern, 13, 0.2957, 32.5
2022-40, 6.5, Mecklenburg-Vorpommern, 13, 0.5652, 39
2022-41, -1.5, Mecklenburg-Vorpommern, 13, -0.1765, 37.5
2022-42, -1.4, Mecklenburg-Vorpommern, 13, -0.1647, 36.1
2022-43, -5.5, Mecklenburg-Vorpommern, 13, -0.6471, 30.6
2022-44, -2.5, Mecklenburg-Vorpommern, 13, -0.2941, 28.1
2022-45, -6.5, Mecklenburg-Vorpommern, 13, -0.7647, 21.6
2022-46, -0.9, Mecklenburg-Vorpommern, 13, -0.1059, 20.7
2022-47, 2.4, Mecklenburg-Vorpommern, 13, 0.2087, 23.1
2022-48, -0.1, Mecklenburg-Vorpommern, 13, -0.0118, 23
2022-49, -1.9, Mecklenburg-Vorpommern, 13, -0.2235, 21.1
2022-50, 3.9, Mecklenburg-Vorpommern, 13, 0.3391, 25
2022-51, 3.3, Mecklenburg-Vorpommern, 13, 0.287, 28.3
2022-52, -1.7, Mecklenburg-Vorpommern, 13, -0.2, 26.6
2023-01, -7.2, Mecklenburg-Vorpommern, 13, -0.8471, 19.4
2023-02, -6.7, Mecklenburg-Vorpommern, 13, -0.7882, 12.7
2023-03, -2.9, Mecklenburg-Vorpommern, 13, -0.3412, 9.8
2023-04, 1, Mecklenburg-Vorpommern, 13, 0.087, 10.8
2023-05, -0.4, Mecklenburg-Vorpommern, 13, -0.0471, 10.4
2023-06, 0.8, Mecklenburg-Vorpommern, 13, 0.0696, 11.2
2023-07, -3.2, Mecklenburg-Vorpommern, 13, -0.3765, 8
2023-08, 1.9, Mecklenburg-Vorpommern, 13, 0.1652, 9.9
2023-09, 1.7, Mecklenburg-Vorpommern, 13, 0.1478, 11.6
2023-10, 11.5, Mecklenburg-Vorpommern, 13, 1, 23.1
2023-11, 2.6, Mecklenburg-Vorpommern, 13, 0.2261, 25.7
2023-12, -0.4, Mecklenburg-Vorpommern, 13, -0.0471, 25.3
2023-13, -2.5, Mecklenburg-Vorpommern, 13, -0.2941, 22.8
2023-14, -4.3, Mecklenburg-Vorpommern, 13, -0.5059, 18.5
2023-15, 2.2, Mecklenburg-Vorpommern, 13, 0.1913, 20.7
2023-16, 2.7, Mecklenburg-Vorpommern, 13, 0.2348, 23.4
2023-17, -8.5, Mecklenburg-Vorpommern, 13, -1, 14.9
2023-18, -1.5, Mecklenburg-Vorpommern, 13, -0.1765, 13.4
