Altersgruppe, Week, difference, trend, value
60-79, 2020-12, , , 18700
60-79, 2020-13, 2500, 0.1938, 21200
60-79, 2020-14, 6200, 0.4806, 27400
60-79, 2020-15, 500, 0.0388, 27900
60-79, 2020-16, -700, -0.033, 27200
60-79, 2020-17, 4100, 0.3178, 31300
60-79, 2020-18, -200, -0.0094, 31100
60-79, 2020-19, 8300, 0.6434, 39400
60-79, 2020-20, 5400, 0.4186, 44800
60-79, 2020-21, -4200, -0.1981, 40600
60-79, 2020-22, 4300, 0.3333, 44900
60-79, 2020-23, -4200, -0.1981, 40700
60-79, 2020-24, -1000, -0.0472, 39700
60-79, 2020-25, 5700, 0.4419, 45400
60-79, 2020-26, 4300, 0.3333, 49700
60-79, 2020-27, 1800, 0.1395, 51500
60-79, 2020-28, 1900, 0.1473, 53400
60-79, 2020-29, , , 53400
60-79, 2020-30, -600, -0.0283, 52800
60-79, 2020-31, 1700, 0.1318, 54500
60-79, 2020-32, 3100, 0.2403, 57600
60-79, 2020-33, 3300, 0.2558, 60900
60-79, 2020-34, 2800, 0.2171, 63700
60-79, 2020-35, 5600, 0.4341, 69300
60-79, 2020-36, -200, -0.0094, 69100
60-79, 2020-37, 7000, 0.5426, 76100
60-79, 2020-38, -300, -0.0142, 75800
60-79, 2020-39, 7600, 0.5891, 83400
60-79, 2020-40, -4400, -0.2075, 79000
60-79, 2020-41, 8400, 0.6512, 87400
60-79, 2020-42, -2800, -0.1321, 84600
60-79, 2020-43, 13300, 1.031, 97900
60-79, 2020-44, 11300, 0.876, 109200
60-79, 2020-45, -3600, -0.1698, 105600
60-79, 2020-46, -10300, -0.4858, 95300
60-79, 2020-47, -1100, -0.0519, 94200
60-79, 2020-48, 600, 0.0465, 94800
60-79, 2020-49, -2000, -0.0943, 92800
60-79, 2020-50, 8200, 0.6357, 101000
60-79, 2020-51, 10100, 0.7829, 111100
60-79, 2020-52, -39400, -1.8585, 71700
60-79, 2020-53, -8500, -0.4009, 63200
60-79, 2021-01, 30600, 2.3721, 93800
60-79, 2021-02, -200, -0.0094, 93600
60-79, 2021-03, -3100, -0.1462, 90500
60-79, 2021-04, -1600, -0.0755, 88900
60-79, 2021-05, 700, 0.0543, 89600
60-79, 2021-06, -3900, -0.184, 85700
60-79, 2021-07, 2600, 0.2016, 88300
60-79, 2021-08, 2600, 0.2016, 90900
60-79, 2021-09, 1900, 0.1473, 92800
60-79, 2021-10, 1200, 0.093, 94000
60-79, 2021-11, 1500, 0.1163, 95500
60-79, 2021-12, 2500, 0.1938, 98000
60-79, 2021-13, -18600, -0.8774, 79400
60-79, 2021-14, 7700, 0.5969, 87100
60-79, 2021-15, 11300, 0.876, 98400
60-79, 2021-16, -2200, -0.1038, 96200
60-79, 2021-17, -1300, -0.0613, 94900
60-79, 2021-18, -3100, -0.1462, 91800
60-79, 2021-19, -14500, -0.684, 77300
60-79, 2021-20, 3400, 0.2636, 80700
60-79, 2021-21, -9400, -0.4434, 71300
60-79, 2021-22, -4200, -0.1981, 67100
60-79, 2021-23, -2400, -0.1132, 64700
60-79, 2021-24, -1500, -0.0708, 63200
60-79, 2021-25, -2400, -0.1132, 60800
60-79, 2021-26, -4200, -0.1981, 56600
60-79, 2021-27, -1400, -0.066, 55200
60-79, 2021-28, 600, 0.0465, 55800
60-79, 2021-29, -1500, -0.0708, 54300
60-79, 2021-30, -1000, -0.0472, 53300
60-79, 2021-31, -200, -0.0094, 53100
60-79, 2021-32, -500, -0.0236, 52600
60-79, 2021-33, 1100, 0.0853, 53700
60-79, 2021-34, 1100, 0.0853, 54800
60-79, 2021-35, 3300, 0.2558, 58100
60-79, 2021-36, 2400, 0.186, 60500
60-79, 2021-37, -100, -0.0047, 60400
60-79, 2021-38, 100, 0.0078, 60500
60-79, 2021-39, -100, -0.0047, 60400
60-79, 2021-40, 2800, 0.2171, 63200
60-79, 2021-41, 1400, 0.1085, 64600
60-79, 2021-42, 6200, 0.4806, 70800
60-79, 2021-43, 6700, 0.5194, 77500
60-79, 2021-44, 5100, 0.3953, 82600
60-79, 2021-45, 19800, 1.5349, 102400
60-79, 2021-46, 9600, 0.7442, 112000
60-79, 2021-47, 2200, 0.1705, 114200
60-79, 2021-48, -3100, -0.1462, 111100
60-79, 2021-49, -10700, -0.5047, 100400
60-79, 2021-50, -9700, -0.4575, 90700
60-79, 2021-51, -24500, -1.1557, 66200
60-79, 2021-52, -3700, -0.1745, 62500
60-79, 2022-01, 27400, 2.124, 89900
60-79, 2022-02, 9600, 0.7442, 99500
60-79, 2022-03, 7400, 0.5736, 106900
60-79, 2022-04, 400, 0.031, 107300
60-79, 2022-05, 9300, 0.7209, 116600
60-79, 2022-06, 1100, 0.0853, 117700
60-79, 2022-07, -9000, -0.4245, 108700
60-79, 2022-08, 800, 0.062, 109500
60-79, 2022-09, 2000, 0.155, 111500
60-79, 2022-10, 17300, 1.3411, 128800
60-79, 2022-11, 14300, 1.1085, 143100
60-79, 2022-12, -4600, -0.217, 138500
60-79, 2022-13, -16200, -0.7642, 122300
60-79, 2022-14, -17500, -0.8255, 104800
60-79, 2022-15, -21200, -1, 83600
60-79, 2022-16, 800, 0.062, 84400
60-79, 2022-17, 1300, 0.1008, 85700
60-79, 2022-18, -6500, -0.3066, 79200
60-79, 2022-19, -4500, -0.2123, 74700
60-79, 2022-20, -9100, -0.4292, 65600
60-79, 2022-21, -11200, -0.5283, 54400
60-79, 2022-22, 7600, 0.5891, 62000
60-79, 2022-23, 1000, 0.0775, 63000
60-79, 2022-24, 2200, 0.1705, 65200
60-79, 2022-25, 12900, 1, 78100
60-79, 2022-26, 2600, 0.2016, 80700
60-79, 2022-27, 1500, 0.1163, 82200
60-79, 2022-28, 2800, 0.2171, 85000
60-79, 2022-29, -4000, -0.1887, 81000
60-79, 2022-30, -8600, -0.4057, 72400
60-79, 2022-31, -6900, -0.3255, 65500
60-79, 2022-32, -3700, -0.1745, 61800
60-79, 2022-33, -2700, -0.1274, 59100
60-79, 2022-34, -2600, -0.1226, 56500
60-79, 2022-35, -1400, -0.066, 55100
60-79, 2022-36, 2200, 0.1705, 57300
60-79, 2022-37, 1800, 0.1395, 59100
60-79, 2022-38, 6300, 0.4884, 65400
60-79, 2022-39, 11700, 0.907, 77100
60-79, 2022-40, 8900, 0.6899, 86000
60-79, 2022-41, 7200, 0.5581, 93200
60-79, 2022-42, -5900, -0.2783, 87300
60-79, 2022-43, -16500, -0.7783, 70800
60-79, 2022-44, -12500, -0.5896, 58300
60-79, 2022-45, 1300, 0.1008, 59600
60-79, 2022-46, -2400, -0.1132, 57200
60-79, 2022-47, , , 57200
60-79, 2022-48, -1000, -0.0472, 56200
60-79, 2022-49, 1600, 0.124, 57800
60-79, 2022-50, -900, -0.0425, 56900
60-79, 2022-51, -7700, -0.3632, 49200
60-79, 2022-52, -11300, -0.533, 37900
60-79, 2023-01, 9400, 0.7287, 47300
60-79, 2023-02, 600, 0.0465, 47900
60-79, 2023-03, -3600, -0.1698, 44300
60-79, 2023-04, -1000, -0.0472, 43300
60-79, 2023-05, -1800, -0.0849, 41500
60-79, 2023-06, 1100, 0.0853, 42600
60-79, 2023-07, 100, 0.0078, 42700
60-79, 2023-08, -1500, -0.0708, 41200
60-79, 2023-09, -13500, -0.6368, 27700
60-79, 2023-10, -12500, -0.5896, 15200
60-79, 2023-11, -900, -0.0425, 14300
60-79, 2023-12, -1800, -0.0849, 12500
