Week, difference, region, region_id, trend, value
2020-W11, , Niedersachsen, 3, , 
2020-W12, 1, Niedersachsen, 3, 0.0089, 1
2020-W13, 17, Niedersachsen, 3, 0.1518, 18
2020-W14, 51, Niedersachsen, 3, 0.4554, 69
2020-W15, 27, Niedersachsen, 3, 0.2411, 96
2020-W16, 4, Niedersachsen, 3, 0.0357, 100
2020-W17, , Niedersachsen, 3, , 100
2020-W18, -31, Niedersachsen, 3, -0.3605, 69
2020-W19, -25, Niedersachsen, 3, -0.2907, 44
2020-W20, -2, Niedersachsen, 3, -0.0233, 42
2020-W21, -16, Niedersachsen, 3, -0.186, 26
2020-W22, -4, Niedersachsen, 3, -0.0465, 22
2020-W23, -9, Niedersachsen, 3, -0.1047, 13
2020-W24, -5, Niedersachsen, 3, -0.0581, 8
2020-W25, -4, Niedersachsen, 3, -0.0465, 4
2020-W26, 6, Niedersachsen, 3, 0.0536, 10
2020-W27, -2, Niedersachsen, 3, -0.0233, 8
2020-W28, -1, Niedersachsen, 3, -0.0116, 7
2020-W29, -5, Niedersachsen, 3, -0.0581, 2
2020-W30, 1, Niedersachsen, 3, 0.0089, 3
2020-W31, -1, Niedersachsen, 3, -0.0116, 2
2020-W32, -1, Niedersachsen, 3, -0.0116, 1
2020-W33, 1, Niedersachsen, 3, 0.0089, 2
2020-W34, 2, Niedersachsen, 3, 0.0179, 4
2020-W35, , Niedersachsen, 3, , 4
2020-W36, -1, Niedersachsen, 3, -0.0116, 3
2020-W37, -1, Niedersachsen, 3, -0.0116, 2
2020-W38, , Niedersachsen, 3, , 2
2020-W39, 11, Niedersachsen, 3, 0.0982, 13
2020-W40, -6, Niedersachsen, 3, -0.0698, 7
2020-W41, -1, Niedersachsen, 3, -0.0116, 6
2020-W42, 12, Niedersachsen, 3, 0.1071, 18
2020-W43, , Niedersachsen, 3, , 18
2020-W44, 5, Niedersachsen, 3, 0.0446, 23
2020-W45, 47, Niedersachsen, 3, 0.4196, 70
2020-W46, 13, Niedersachsen, 3, 0.1161, 83
2020-W47, 18, Niedersachsen, 3, 0.1607, 101
2020-W48, 40, Niedersachsen, 3, 0.3571, 141
2020-W49, -29, Niedersachsen, 3, -0.3372, 112
2020-W50, 47, Niedersachsen, 3, 0.4196, 159
2020-W51, 52, Niedersachsen, 3, 0.4643, 211
2020-W52, -59, Niedersachsen, 3, -0.686, 152
2020-W53, 84, Niedersachsen, 3, 0.75, 236
2021-W01, 66, Niedersachsen, 3, 0.5893, 302
2021-W02, -3, Niedersachsen, 3, -0.0349, 299
2021-W03, 37, Niedersachsen, 3, 0.3304, 336
2021-W04, -26, Niedersachsen, 3, -0.3023, 310
2021-W05, -6, Niedersachsen, 3, -0.0698, 304
2021-W06, -48, Niedersachsen, 3, -0.5581, 256
2021-W07, 5, Niedersachsen, 3, 0.0446, 261
2021-W08, -58, Niedersachsen, 3, -0.6744, 203
2021-W09, -53, Niedersachsen, 3, -0.6163, 150
2021-W10, 11, Niedersachsen, 3, 0.0982, 161
2021-W11, -34, Niedersachsen, 3, -0.3953, 127
2021-W12, -38, Niedersachsen, 3, -0.4419, 89
2021-W13, -2, Niedersachsen, 3, -0.0233, 87
2021-W14, 26, Niedersachsen, 3, 0.2321, 113
2021-W15, -12, Niedersachsen, 3, -0.1395, 101
2021-W16, -1, Niedersachsen, 3, -0.0116, 100
2021-W17, -4, Niedersachsen, 3, -0.0465, 96
2021-W18, -10, Niedersachsen, 3, -0.1163, 86
2021-W19, -18, Niedersachsen, 3, -0.2093, 68
2021-W20, 10, Niedersachsen, 3, 0.0893, 78
2021-W21, -25, Niedersachsen, 3, -0.2907, 53
2021-W22, 9, Niedersachsen, 3, 0.0804, 62
2021-W23, -24, Niedersachsen, 3, -0.2791, 38
2021-W24, -9, Niedersachsen, 3, -0.1047, 29
2021-W25, -1, Niedersachsen, 3, -0.0116, 28
2021-W26, -16, Niedersachsen, 3, -0.186, 12
2021-W27, 19, Niedersachsen, 3, 0.1696, 31
2021-W28, -25, Niedersachsen, 3, -0.2907, 6
2021-W29, -2, Niedersachsen, 3, -0.0233, 4
2021-W30, 5, Niedersachsen, 3, 0.0446, 9
2021-W31, -7, Niedersachsen, 3, -0.0814, 2
2021-W32, 6, Niedersachsen, 3, 0.0536, 8
2021-W33, , Niedersachsen, 3, , 8
2021-W34, 4, Niedersachsen, 3, 0.0357, 12
2021-W35, , Niedersachsen, 3, , 12
2021-W36, 4, Niedersachsen, 3, 0.0357, 16
2021-W37, 17, Niedersachsen, 3, 0.1518, 33
2021-W38, -4, Niedersachsen, 3, -0.0465, 29
2021-W39, -4, Niedersachsen, 3, -0.0465, 25
2021-W40, 12, Niedersachsen, 3, 0.1071, 37
2021-W41, -9, Niedersachsen, 3, -0.1047, 28
2021-W42, 4, Niedersachsen, 3, 0.0357, 32
2021-W43, -10, Niedersachsen, 3, -0.1163, 22
2021-W44, 9, Niedersachsen, 3, 0.0804, 31
2021-W45, 24, Niedersachsen, 3, 0.2143, 55
2021-W46, 14, Niedersachsen, 3, 0.125, 69
2021-W47, 20, Niedersachsen, 3, 0.1786, 89
2021-W48, 14, Niedersachsen, 3, 0.125, 103
2021-W49, 25, Niedersachsen, 3, 0.2232, 128
2021-W50, , Niedersachsen, 3, , 128
2021-W51, -49, Niedersachsen, 3, -0.5698, 79
2021-W52, -13, Niedersachsen, 3, -0.1512, 66
2022-W01, 22, Niedersachsen, 3, 0.1964, 88
2022-W02, -13, Niedersachsen, 3, -0.1512, 75
2022-W03, -20, Niedersachsen, 3, -0.2326, 55
2022-W04, -16, Niedersachsen, 3, -0.186, 39
2022-W05, 14, Niedersachsen, 3, 0.125, 53
2022-W06, 36, Niedersachsen, 3, 0.3214, 89
2022-W07, 10, Niedersachsen, 3, 0.0893, 99
2022-W08, 23, Niedersachsen, 3, 0.2054, 122
2022-W09, 16, Niedersachsen, 3, 0.1429, 138
2022-W10, -37, Niedersachsen, 3, -0.4302, 101
2022-W11, 10, Niedersachsen, 3, 0.0893, 111
2022-W12, 47, Niedersachsen, 3, 0.4196, 158
2022-W13, 10, Niedersachsen, 3, 0.0893, 168
2022-W14, 22, Niedersachsen, 3, 0.1964, 190
2022-W15, -41, Niedersachsen, 3, -0.4767, 149
2022-W16, -47, Niedersachsen, 3, -0.5465, 102
2022-W17, 86, Niedersachsen, 3, 0.7679, 188
2022-W18, -18, Niedersachsen, 3, -0.2093, 170
2022-W19, -25, Niedersachsen, 3, -0.2907, 145
2022-W20, 2, Niedersachsen, 3, 0.0179, 147
2022-W21, -86, Niedersachsen, 3, -1, 61
2022-W22, 44, Niedersachsen, 3, 0.3929, 105
2022-W23, -49, Niedersachsen, 3, -0.5698, 56
2022-W24, -2, Niedersachsen, 3, -0.0233, 54
2022-W25, 69, Niedersachsen, 3, 0.6161, 123
2022-W26, -41, Niedersachsen, 3, -0.4767, 82
2022-W27, -8, Niedersachsen, 3, -0.093, 74
2022-W28, 6, Niedersachsen, 3, 0.0536, 80
2022-W29, -15, Niedersachsen, 3, -0.1744, 65
2022-W30, 21, Niedersachsen, 3, 0.1875, 86
2022-W31, 21, Niedersachsen, 3, 0.1875, 107
2022-W32, 20, Niedersachsen, 3, 0.1786, 127
2022-W33, -12, Niedersachsen, 3, -0.1395, 115
2022-W34, -31, Niedersachsen, 3, -0.3605, 84
2022-W35, 5, Niedersachsen, 3, 0.0446, 89
2022-W36, -2, Niedersachsen, 3, -0.0233, 87
2022-W37, 4, Niedersachsen, 3, 0.0357, 91
2022-W38, -37, Niedersachsen, 3, -0.4302, 54
2022-W39, 22, Niedersachsen, 3, 0.1964, 76
2022-W40, -16, Niedersachsen, 3, -0.186, 60
2022-W41, 39, Niedersachsen, 3, 0.3482, 99
2022-W42, 29, Niedersachsen, 3, 0.2589, 128
2022-W43, -24, Niedersachsen, 3, -0.2791, 104
2022-W44, 54, Niedersachsen, 3, 0.4821, 158
2022-W45, -50, Niedersachsen, 3, -0.5814, 108
2022-W46, 30, Niedersachsen, 3, 0.2679, 138
2022-W47, -23, Niedersachsen, 3, -0.2674, 115
2022-W48, -27, Niedersachsen, 3, -0.314, 88
2022-W49, 52, Niedersachsen, 3, 0.4643, 140
2022-W50, -3, Niedersachsen, 3, -0.0349, 137
2022-W51, -10, Niedersachsen, 3, -0.1163, 127
2022-W52, -45, Niedersachsen, 3, -0.5233, 82
2023-W01, 112, Niedersachsen, 3, 1, 194
2023-W02, 46, Niedersachsen, 3, 0.4107, 240
2023-W03, -78, Niedersachsen, 3, -0.907, 162
2023-W04, -21, Niedersachsen, 3, -0.2442, 141
2023-W05, 33, Niedersachsen, 3, 0.2946, 174
2023-W06, -45, Niedersachsen, 3, -0.5233, 129
2023-W07, -28, Niedersachsen, 3, -0.3256, 101
2023-W08, -15, Niedersachsen, 3, -0.1744, 86
2023-W09, 8, Niedersachsen, 3, 0.0714, 94
2023-W10, 1, Niedersachsen, 3, 0.0089, 95
2023-W11, -38, Niedersachsen, 3, -0.4419, 57
2023-W12, 33, Niedersachsen, 3, 0.2946, 90
2023-W13, -29, Niedersachsen, 3, -0.3372, 61
2023-W14, 8, Niedersachsen, 3, 0.0714, 69
2023-W15, 1, Niedersachsen, 3, 0.0089, 70
2023-W16, 11, Niedersachsen, 3, 0.0982, 81
2023-W17, -22, Niedersachsen, 3, -0.2558, 59
2023-W18, 2, Niedersachsen, 3, 0.0179, 61
2023-W19, -1, Niedersachsen, 3, -0.0116, 60
