Week, difference, region, region_id, trend, value
2020-W11, , Baden-Württemberg, 8, , 2
2020-W12, 17, Baden-Württemberg, 8, 0.1619, 19
2020-W13, 61, Baden-Württemberg, 8, 0.581, 80
2020-W14, 186, Baden-Württemberg, 8, 1.7714, 266
2020-W15, 15, Baden-Württemberg, 8, 0.1429, 281
2020-W16, 37, Baden-Württemberg, 8, 0.3524, 318
2020-W17, -48, Baden-Württemberg, 8, -0.4615, 270
2020-W18, -97, Baden-Württemberg, 8, -0.9327, 173
2020-W19, -42, Baden-Württemberg, 8, -0.4038, 131
2020-W20, -31, Baden-Württemberg, 8, -0.2981, 100
2020-W21, -52, Baden-Württemberg, 8, -0.5, 48
2020-W22, 3, Baden-Württemberg, 8, 0.0286, 51
2020-W23, -11, Baden-Württemberg, 8, -0.1058, 40
2020-W24, -27, Baden-Württemberg, 8, -0.2596, 13
2020-W25, 6, Baden-Württemberg, 8, 0.0571, 19
2020-W26, -11, Baden-Württemberg, 8, -0.1058, 8
2020-W27, , Baden-Württemberg, 8, , 8
2020-W28, -7, Baden-Württemberg, 8, -0.0673, 1
2020-W29, 1, Baden-Württemberg, 8, 0.0095, 2
2020-W30, 1, Baden-Württemberg, 8, 0.0095, 3
2020-W31, 3, Baden-Württemberg, 8, 0.0286, 6
2020-W32, 3, Baden-Württemberg, 8, 0.0286, 9
2020-W33, -8, Baden-Württemberg, 8, -0.0769, 1
2020-W34, 1, Baden-Württemberg, 8, 0.0095, 2
2020-W35, 5, Baden-Württemberg, 8, 0.0476, 7
2020-W36, -6, Baden-Württemberg, 8, -0.0577, 1
2020-W37, 2, Baden-Württemberg, 8, 0.019, 3
2020-W38, 1, Baden-Württemberg, 8, 0.0095, 4
2020-W39, 2, Baden-Württemberg, 8, 0.019, 6
2020-W40, 5, Baden-Württemberg, 8, 0.0476, 11
2020-W41, 3, Baden-Württemberg, 8, 0.0286, 14
2020-W42, 12, Baden-Württemberg, 8, 0.1143, 26
2020-W43, 16, Baden-Württemberg, 8, 0.1524, 42
2020-W44, 14, Baden-Württemberg, 8, 0.1333, 56
2020-W45, 24, Baden-Württemberg, 8, 0.2286, 80
2020-W46, 64, Baden-Württemberg, 8, 0.6095, 144
2020-W47, 39, Baden-Württemberg, 8, 0.3714, 183
2020-W48, 76, Baden-Württemberg, 8, 0.7238, 259
2020-W49, 44, Baden-Württemberg, 8, 0.419, 303
2020-W50, 88, Baden-Württemberg, 8, 0.8381, 391
2020-W51, 141, Baden-Württemberg, 8, 1.3429, 532
2020-W52, -39, Baden-Württemberg, 8, -0.375, 493
2020-W53, -6, Baden-Württemberg, 8, -0.0577, 487
2021-W01, 112, Baden-Württemberg, 8, 1.0667, 599
2021-W02, -57, Baden-Württemberg, 8, -0.5481, 542
2021-W03, -2, Baden-Württemberg, 8, -0.0192, 540
2021-W04, -132, Baden-Württemberg, 8, -1.2692, 408
2021-W05, -33, Baden-Württemberg, 8, -0.3173, 375
2021-W06, -47, Baden-Württemberg, 8, -0.4519, 328
2021-W07, -119, Baden-Württemberg, 8, -1.1442, 209
2021-W08, -69, Baden-Württemberg, 8, -0.6635, 140
2021-W09, 54, Baden-Württemberg, 8, 0.5143, 194
2021-W10, -44, Baden-Württemberg, 8, -0.4231, 150
2021-W11, -39, Baden-Württemberg, 8, -0.375, 111
2021-W12, -4, Baden-Württemberg, 8, -0.0385, 107
2021-W13, -1, Baden-Württemberg, 8, -0.0096, 106
2021-W14, 63, Baden-Württemberg, 8, 0.6, 169
2021-W15, -20, Baden-Württemberg, 8, -0.1923, 149
2021-W16, 10, Baden-Württemberg, 8, 0.0952, 159
2021-W17, 5, Baden-Württemberg, 8, 0.0476, 164
2021-W18, -11, Baden-Württemberg, 8, -0.1058, 153
2021-W19, 12, Baden-Württemberg, 8, 0.1143, 165
2021-W20, -24, Baden-Württemberg, 8, -0.2308, 141
2021-W21, -37, Baden-Württemberg, 8, -0.3558, 104
2021-W22, -27, Baden-Württemberg, 8, -0.2596, 77
2021-W23, -17, Baden-Württemberg, 8, -0.1635, 60
2021-W24, 23, Baden-Württemberg, 8, 0.219, 83
2021-W25, -20, Baden-Württemberg, 8, -0.1923, 63
2021-W26, -7, Baden-Württemberg, 8, -0.0673, 56
2021-W27, -16, Baden-Württemberg, 8, -0.1538, 40
2021-W28, -15, Baden-Württemberg, 8, -0.1442, 25
2021-W29, 13, Baden-Württemberg, 8, 0.1238, 38
2021-W30, -20, Baden-Württemberg, 8, -0.1923, 18
2021-W31, 15, Baden-Württemberg, 8, 0.1429, 33
2021-W32, -28, Baden-Württemberg, 8, -0.2692, 5
2021-W33, 4, Baden-Württemberg, 8, 0.0381, 9
2021-W34, 17, Baden-Württemberg, 8, 0.1619, 26
2021-W35, 11, Baden-Württemberg, 8, 0.1048, 37
2021-W36, -3, Baden-Württemberg, 8, -0.0288, 34
2021-W37, 31, Baden-Württemberg, 8, 0.2952, 65
2021-W38, -25, Baden-Württemberg, 8, -0.2404, 40
2021-W39, 6, Baden-Württemberg, 8, 0.0571, 46
2021-W40, 22, Baden-Württemberg, 8, 0.2095, 68
2021-W41, -1, Baden-Württemberg, 8, -0.0096, 67
2021-W42, -9, Baden-Württemberg, 8, -0.0865, 58
2021-W43, 51, Baden-Württemberg, 8, 0.4857, 109
2021-W44, -7, Baden-Württemberg, 8, -0.0673, 102
2021-W45, 52, Baden-Württemberg, 8, 0.4952, 154
2021-W46, 44, Baden-Württemberg, 8, 0.419, 198
2021-W47, 36, Baden-Württemberg, 8, 0.3429, 234
2021-W48, 28, Baden-Württemberg, 8, 0.2667, 262
2021-W49, 52, Baden-Württemberg, 8, 0.4952, 314
2021-W50, -17, Baden-Württemberg, 8, -0.1635, 297
2021-W51, -75, Baden-Württemberg, 8, -0.7212, 222
2021-W52, 14, Baden-Württemberg, 8, 0.1333, 236
2022-W01, -46, Baden-Württemberg, 8, -0.4423, 190
2022-W02, 23, Baden-Württemberg, 8, 0.219, 213
2022-W03, -111, Baden-Württemberg, 8, -1.0673, 102
2022-W04, 22, Baden-Württemberg, 8, 0.2095, 124
2022-W05, -6, Baden-Württemberg, 8, -0.0577, 118
2022-W06, 7, Baden-Württemberg, 8, 0.0667, 125
2022-W07, 34, Baden-Württemberg, 8, 0.3238, 159
2022-W08, 23, Baden-Württemberg, 8, 0.219, 182
2022-W09, -2, Baden-Württemberg, 8, -0.0192, 180
2022-W10, 42, Baden-Württemberg, 8, 0.4, 222
2022-W11, -83, Baden-Württemberg, 8, -0.7981, 139
2022-W12, 30, Baden-Württemberg, 8, 0.2857, 169
2022-W13, 18, Baden-Württemberg, 8, 0.1714, 187
2022-W14, 37, Baden-Württemberg, 8, 0.3524, 224
2022-W15, -81, Baden-Württemberg, 8, -0.7788, 143
2022-W16, -12, Baden-Württemberg, 8, -0.1154, 131
2022-W17, -16, Baden-Württemberg, 8, -0.1538, 115
2022-W18, -2, Baden-Württemberg, 8, -0.0192, 113
2022-W19, -25, Baden-Württemberg, 8, -0.2404, 88
2022-W20, -9, Baden-Württemberg, 8, -0.0865, 79
2022-W21, -6, Baden-Württemberg, 8, -0.0577, 73
2022-W22, -33, Baden-Württemberg, 8, -0.3173, 40
2022-W23, 4, Baden-Württemberg, 8, 0.0381, 44
2022-W24, -4, Baden-Württemberg, 8, -0.0385, 40
2022-W25, 7, Baden-Württemberg, 8, 0.0667, 47
2022-W26, 38, Baden-Württemberg, 8, 0.3619, 85
2022-W27, -31, Baden-Württemberg, 8, -0.2981, 54
2022-W28, 11, Baden-Württemberg, 8, 0.1048, 65
2022-W29, -15, Baden-Württemberg, 8, -0.1442, 50
2022-W30, 44, Baden-Württemberg, 8, 0.419, 94
2022-W31, -1, Baden-Württemberg, 8, -0.0096, 93
2022-W32, -36, Baden-Württemberg, 8, -0.3462, 57
2022-W33, 47, Baden-Württemberg, 8, 0.4476, 104
2022-W34, -54, Baden-Württemberg, 8, -0.5192, 50
2022-W35, 36, Baden-Württemberg, 8, 0.3429, 86
2022-W36, -24, Baden-Württemberg, 8, -0.2308, 62
2022-W37, 91, Baden-Württemberg, 8, 0.8667, 153
2022-W38, -104, Baden-Württemberg, 8, -1, 49
2022-W39, 12, Baden-Württemberg, 8, 0.1143, 61
2022-W40, -21, Baden-Württemberg, 8, -0.2019, 40
2022-W41, 65, Baden-Württemberg, 8, 0.619, 105
2022-W42, 27, Baden-Württemberg, 8, 0.2571, 132
2022-W43, -5, Baden-Württemberg, 8, -0.0481, 127
2022-W44, -37, Baden-Württemberg, 8, -0.3558, 90
2022-W45, 48, Baden-Württemberg, 8, 0.4571, 138
2022-W46, -68, Baden-Württemberg, 8, -0.6538, 70
2022-W47, 105, Baden-Württemberg, 8, 1, 175
2022-W48, -101, Baden-Württemberg, 8, -0.9712, 74
2022-W49, -3, Baden-Württemberg, 8, -0.0288, 71
2022-W50, 14, Baden-Württemberg, 8, 0.1333, 85
2022-W51, 2, Baden-Württemberg, 8, 0.019, 87
2022-W52, 6, Baden-Württemberg, 8, 0.0571, 93
2023-W01, -26, Baden-Württemberg, 8, -0.25, 67
2023-W02, 28, Baden-Württemberg, 8, 0.2667, 95
2023-W03, -9, Baden-Württemberg, 8, -0.0865, 86
2023-W04, 15, Baden-Württemberg, 8, 0.1429, 101
2023-W05, -39, Baden-Württemberg, 8, -0.375, 62
2023-W06, 11, Baden-Württemberg, 8, 0.1048, 73
2023-W07, -35, Baden-Württemberg, 8, -0.3365, 38
2023-W08, 33, Baden-Württemberg, 8, 0.3143, 71
2023-W09, -13, Baden-Württemberg, 8, -0.125, 58
2023-W10, 26, Baden-Württemberg, 8, 0.2476, 84
2023-W11, -6, Baden-Württemberg, 8, -0.0577, 78
2023-W12, -17, Baden-Württemberg, 8, -0.1635, 61
2023-W13, -9, Baden-Württemberg, 8, -0.0865, 52
2023-W14, -17, Baden-Württemberg, 8, -0.1635, 35
2023-W15, 14, Baden-Württemberg, 8, 0.1333, 49
2023-W16, -7, Baden-Württemberg, 8, -0.0673, 42
2023-W17, -8, Baden-Württemberg, 8, -0.0769, 34
2023-W18, -3, Baden-Württemberg, 8, -0.0288, 31
2023-W19, 2, Baden-Württemberg, 8, 0.019, 33
