Altersgruppe, Week, difference, trend, value
15-34, 2020-12, , , 44500
15-34, 2020-13, -4800, -0.3179, 39700
15-34, 2020-14, -600, -0.0397, 39100
15-34, 2020-15, -5800, -0.3841, 33300
15-34, 2020-16, -5400, -0.3576, 27900
15-34, 2020-17, 2200, 0.1106, 30100
15-34, 2020-18, -900, -0.0596, 29200
15-34, 2020-19, 5400, 0.2714, 34600
15-34, 2020-20, 1600, 0.0804, 36200
15-34, 2020-21, -7000, -0.4636, 29200
15-34, 2020-22, 5300, 0.2663, 34500
15-34, 2020-23, -6200, -0.4106, 28300
15-34, 2020-24, -800, -0.053, 27500
15-34, 2020-25, 6400, 0.3216, 33900
15-34, 2020-26, 5600, 0.2814, 39500
15-34, 2020-27, 4300, 0.2161, 43800
15-34, 2020-28, 5400, 0.2714, 49200
15-34, 2020-29, 6600, 0.3317, 55800
15-34, 2020-30, 1300, 0.0653, 57100
15-34, 2020-31, 6400, 0.3216, 63500
15-34, 2020-32, 12500, 0.6281, 76000
15-34, 2020-33, 12400, 0.6231, 88400
15-34, 2020-34, 26000, 1.3065, 114400
15-34, 2020-35, 15000, 0.7538, 129400
15-34, 2020-36, -4800, -0.3179, 124600
15-34, 2020-37, 3600, 0.1809, 128200
15-34, 2020-38, 2700, 0.1357, 130900
15-34, 2020-39, 7700, 0.3869, 138600
15-34, 2020-40, -4300, -0.2848, 134300
15-34, 2020-41, 17200, 0.8643, 151500
15-34, 2020-42, 1900, 0.0955, 153400
15-34, 2020-43, 28000, 1.407, 181400
15-34, 2020-44, 22700, 1.1407, 204100
15-34, 2020-45, -16600, -1.0993, 187500
15-34, 2020-46, -33900, -2.245, 153600
15-34, 2020-47, -2100, -0.1391, 151500
15-34, 2020-48, -5600, -0.3709, 145900
15-34, 2020-49, -4200, -0.2781, 141700
15-34, 2020-50, 17600, 0.8844, 159300
15-34, 2020-51, 20500, 1.0302, 179800
15-34, 2020-52, -73000, -4.8344, 106800
15-34, 2020-53, -30100, -1.9934, 76700
15-34, 2021-01, 38400, 1.9296, 115100
15-34, 2021-02, -3300, -0.2185, 111800
15-34, 2021-03, -10300, -0.6821, 101500
15-34, 2021-04, -500, -0.0331, 101000
15-34, 2021-05, -2100, -0.1391, 98900
15-34, 2021-06, -4300, -0.2848, 94600
15-34, 2021-07, 4100, 0.206, 98700
15-34, 2021-08, 3700, 0.1859, 102400
15-34, 2021-09, 6200, 0.3116, 108600
15-34, 2021-10, 5600, 0.2814, 114200
15-34, 2021-11, 10700, 0.5377, 124900
15-34, 2021-12, 10000, 0.5025, 134900
15-34, 2021-13, -24900, -1.649, 110000
15-34, 2021-14, -200, -0.0132, 109800
15-34, 2021-15, 19200, 0.9648, 129000
15-34, 2021-16, 400, 0.0201, 129400
15-34, 2021-17, -5500, -0.3642, 123900
15-34, 2021-18, -9900, -0.6556, 114000
15-34, 2021-19, -26000, -1.7219, 88000
15-34, 2021-20, 7600, 0.3819, 95600
15-34, 2021-21, -21800, -1.4437, 73800
15-34, 2021-22, -7300, -0.4834, 66500
15-34, 2021-23, -7300, -0.4834, 59200
15-34, 2021-24, -3600, -0.2384, 55600
15-34, 2021-25, -800, -0.053, 54800
15-34, 2021-26, 1400, 0.0704, 56200
15-34, 2021-27, 800, 0.0402, 57000
15-34, 2021-28, 3900, 0.196, 60900
15-34, 2021-29, -1600, -0.106, 59300
15-34, 2021-30, -1400, -0.0927, 57900
15-34, 2021-31, -2400, -0.1589, 55500
15-34, 2021-32, 800, 0.0402, 56300
15-34, 2021-33, 7800, 0.392, 64100
15-34, 2021-34, 8100, 0.407, 72200
15-34, 2021-35, 10300, 0.5176, 82500
15-34, 2021-36, 3800, 0.191, 86300
15-34, 2021-37, -2700, -0.1788, 83600
15-34, 2021-38, 1500, 0.0754, 85100
15-34, 2021-39, -300, -0.0199, 84800
15-34, 2021-40, 5600, 0.2814, 90400
15-34, 2021-41, 2700, 0.1357, 93100
15-34, 2021-42, 10300, 0.5176, 103400
15-34, 2021-43, 11500, 0.5779, 114900
15-34, 2021-44, 2600, 0.1307, 117500
15-34, 2021-45, 50500, 2.5377, 168000
15-34, 2021-46, 21500, 1.0804, 189500
15-34, 2021-47, 5800, 0.2915, 195300
15-34, 2021-48, -10600, -0.702, 184700
15-34, 2021-49, -26000, -1.7219, 158700
15-34, 2021-50, -20400, -1.351, 138300
15-34, 2021-51, -29700, -1.9669, 108600
15-34, 2021-52, -11000, -0.7285, 97600
15-34, 2022-01, 67600, 3.397, 165200
15-34, 2022-02, 47400, 2.3819, 212600
15-34, 2022-03, 44500, 2.2362, 257100
15-34, 2022-04, 4200, 0.2111, 261300
15-34, 2022-05, 9500, 0.4774, 270800
15-34, 2022-06, -14900, -0.9868, 255900
15-34, 2022-07, -46600, -3.0861, 209300
15-34, 2022-08, -15400, -1.0199, 193900
15-34, 2022-09, 14700, 0.7387, 208600
15-34, 2022-10, 44900, 2.2563, 253500
15-34, 2022-11, 8400, 0.4221, 261900
15-34, 2022-12, -28900, -1.9139, 233000
15-34, 2022-13, -47700, -3.1589, 185300
15-34, 2022-14, -37800, -2.5033, 147500
15-34, 2022-15, -36200, -2.3974, 111300
15-34, 2022-16, -7900, -0.5232, 103400
15-34, 2022-17, -5300, -0.351, 98100
15-34, 2022-18, -14300, -0.947, 83800
15-34, 2022-19, -8500, -0.5629, 75300
15-34, 2022-20, -13300, -0.8808, 62000
15-34, 2022-21, -14500, -0.9603, 47500
15-34, 2022-22, 16600, 0.8342, 64100
15-34, 2022-23, 6500, 0.3266, 70600
15-34, 2022-24, 3200, 0.1608, 73800
15-34, 2022-25, 19900, 1, 93700
15-34, 2022-26, -2900, -0.1921, 90800
15-34, 2022-27, 1200, 0.0603, 92000
15-34, 2022-28, 2400, 0.1206, 94400
15-34, 2022-29, -10400, -0.6887, 84000
15-34, 2022-30, -14200, -0.9404, 69800
15-34, 2022-31, -11900, -0.7881, 57900
15-34, 2022-32, -4700, -0.3113, 53200
15-34, 2022-33, -4100, -0.2715, 49100
15-34, 2022-34, -2400, -0.1589, 46700
15-34, 2022-35, , , 46700
15-34, 2022-36, 1000, 0.0503, 47700
15-34, 2022-37, 2400, 0.1206, 50100
15-34, 2022-38, 8600, 0.4322, 58700
15-34, 2022-39, 12700, 0.6382, 71400
15-34, 2022-40, 4300, 0.2161, 75700
15-34, 2022-41, 1200, 0.0603, 76900
15-34, 2022-42, -6000, -0.3974, 70900
15-34, 2022-43, -14200, -0.9404, 56700
15-34, 2022-44, -12700, -0.8411, 44000
15-34, 2022-45, 2800, 0.1407, 46800
15-34, 2022-46, -2800, -0.1854, 44000
15-34, 2022-47, -400, -0.0265, 43600
15-34, 2022-48, 700, 0.0352, 44300
15-34, 2022-49, 1300, 0.0653, 45600
15-34, 2022-50, -700, -0.0464, 44900
15-34, 2022-51, -6800, -0.4503, 38100
15-34, 2022-52, -15100, -1, 23000
15-34, 2023-01, 4800, 0.2412, 27800
15-34, 2023-02, -2300, -0.1523, 25500
15-34, 2023-03, -2400, -0.1589, 23100
15-34, 2023-04, 1000, 0.0503, 24100
15-34, 2023-05, 100, 0.005, 24200
15-34, 2023-06, 700, 0.0352, 24900
15-34, 2023-07, 100, 0.005, 25000
15-34, 2023-08, 2200, 0.1106, 27200
15-34, 2023-09, -9700, -0.6424, 17500
15-34, 2023-10, -8400, -0.5563, 9100
15-34, 2023-11, -800, -0.053, 8300
15-34, 2023-12, -1200, -0.0795, 7100
15-34, 2023-13, -1500, -0.0993, 5600
15-34, 2023-14, -1900, -0.1258, 3700
15-34, 2023-15, -600, -0.0397, 3100
15-34, 2023-16, 100, 0.005, 3200
15-34, 2023-17, -500, -0.0331, 2700
15-34, 2023-18, -800, -0.053, 1900
