Week, difference, region, region_id, trend, value
2020-12, , Sachsen, 14, , 4900
2020-13, 600, Sachsen, 14, 0.0741, 5500
2020-14, 1300, Sachsen, 14, 0.1605, 6800
2020-15, 100, Sachsen, 14, 0.0123, 6900
2020-16, 200, Sachsen, 14, 0.0247, 7100
2020-17, 900, Sachsen, 14, 0.1111, 8000
2020-18, -1200, Sachsen, 14, -0.1111, 6800
2020-19, 900, Sachsen, 14, 0.1111, 7700
2020-20, , Sachsen, 14, , 7700
2020-21, -1700, Sachsen, 14, -0.1574, 6000
2020-22, 200, Sachsen, 14, 0.0247, 6200
2020-23, , Sachsen, 14, , 6200
2020-24, 300, Sachsen, 14, 0.037, 6500
2020-25, 1200, Sachsen, 14, 0.1481, 7700
2020-26, , Sachsen, 14, , 7700
2020-27, -1200, Sachsen, 14, -0.1111, 6500
2020-28, -300, Sachsen, 14, -0.0278, 6200
2020-29, 400, Sachsen, 14, 0.0494, 6600
2020-30, -1000, Sachsen, 14, -0.0926, 5600
2020-31, 100, Sachsen, 14, 0.0123, 5700
2020-32, 1600, Sachsen, 14, 0.1975, 7300
2020-33, -300, Sachsen, 14, -0.0278, 7000
2020-34, 900, Sachsen, 14, 0.1111, 7900
2020-35, 300, Sachsen, 14, 0.037, 8200
2020-36, 500, Sachsen, 14, 0.0617, 8700
2020-37, 2500, Sachsen, 14, 0.3086, 11200
2020-38, 1700, Sachsen, 14, 0.2099, 12900
2020-39, 1300, Sachsen, 14, 0.1605, 14200
2020-40, -400, Sachsen, 14, -0.037, 13800
2020-41, 3300, Sachsen, 14, 0.4074, 17100
2020-42, 2900, Sachsen, 14, 0.358, 20000
2020-43, 2300, Sachsen, 14, 0.284, 22300
2020-44, 2900, Sachsen, 14, 0.358, 25200
2020-45, 600, Sachsen, 14, 0.0741, 25800
2020-46, -2700, Sachsen, 14, -0.25, 23100
2020-47, -1100, Sachsen, 14, -0.1019, 22000
2020-48, 2800, Sachsen, 14, 0.3457, 24800
2020-49, 2700, Sachsen, 14, 0.3333, 27500
2020-50, 2800, Sachsen, 14, 0.3457, 30300
2020-51, -300, Sachsen, 14, -0.0278, 30000
2020-52, -11700, Sachsen, 14, -1.0833, 18300
2020-53, -3400, Sachsen, 14, -0.3148, 14900
2021-01, 8100, Sachsen, 14, 1, 23000
2021-02, -5200, Sachsen, 14, -0.4815, 17800
2021-03, -1100, Sachsen, 14, -0.1019, 16700
2021-04, -1000, Sachsen, 14, -0.0926, 15700
2021-05, -1300, Sachsen, 14, -0.1204, 14400
2021-06, -1000, Sachsen, 14, -0.0926, 13400
2021-07, 900, Sachsen, 14, 0.1111, 14300
2021-08, 1100, Sachsen, 14, 0.1358, 15400
2021-09, 1500, Sachsen, 14, 0.1852, 16900
2021-10, 1400, Sachsen, 14, 0.1728, 18300
2021-11, 1300, Sachsen, 14, 0.1605, 19600
2021-12, 1400, Sachsen, 14, 0.1728, 21000
2021-13, -4800, Sachsen, 14, -0.4444, 16200
2021-14, 200, Sachsen, 14, 0.0247, 16400
2021-15, 2800, Sachsen, 14, 0.3457, 19200
2021-16, 400, Sachsen, 14, 0.0494, 19600
2021-17, -1000, Sachsen, 14, -0.0926, 18600
2021-18, -1200, Sachsen, 14, -0.1111, 17400
2021-19, -3200, Sachsen, 14, -0.2963, 14200
2021-20, 500, Sachsen, 14, 0.0617, 14700
2021-21, -3000, Sachsen, 14, -0.2778, 11700
2021-22, 500, Sachsen, 14, 0.0617, 12200
2021-23, -1700, Sachsen, 14, -0.1574, 10500
2021-24, -900, Sachsen, 14, -0.0833, 9600
2021-25, -300, Sachsen, 14, -0.0278, 9300
2021-26, , Sachsen, 14, , 9300
2021-27, -300, Sachsen, 14, -0.0278, 9000
2021-28, -100, Sachsen, 14, -0.0093, 8900
2021-29, -300, Sachsen, 14, -0.0278, 8600
2021-30, -300, Sachsen, 14, -0.0278, 8300
2021-31, -200, Sachsen, 14, -0.0185, 8100
2021-32, -200, Sachsen, 14, -0.0185, 7900
2021-33, 300, Sachsen, 14, 0.037, 8200
2021-34, 200, Sachsen, 14, 0.0247, 8400
2021-35, 500, Sachsen, 14, 0.0617, 8900
2021-36, 1000, Sachsen, 14, 0.1235, 9900
2021-37, 800, Sachsen, 14, 0.0988, 10700
2021-38, 1000, Sachsen, 14, 0.1235, 11700
2021-39, 800, Sachsen, 14, 0.0988, 12500
2021-40, 1200, Sachsen, 14, 0.1481, 13700
2021-41, 1800, Sachsen, 14, 0.2222, 15500
2021-42, 300, Sachsen, 14, 0.037, 15800
2021-43, 3800, Sachsen, 14, 0.4691, 19600
2021-44, 7000, Sachsen, 14, 0.8642, 26600
2021-45, 8300, Sachsen, 14, 1.0247, 34900
2021-46, 3800, Sachsen, 14, 0.4691, 38700
2021-47, 4500, Sachsen, 14, 0.5556, 43200
2021-48, -5800, Sachsen, 14, -0.537, 37400
2021-49, -4900, Sachsen, 14, -0.4537, 32500
2021-50, -5000, Sachsen, 14, -0.463, 27500
2021-51, -9500, Sachsen, 14, -0.8796, 18000
2021-52, -2700, Sachsen, 14, -0.25, 15300
2022-01, 4800, Sachsen, 14, 0.5926, 20100
2022-02, -1400, Sachsen, 14, -0.1296, 18700
2022-03, 2200, Sachsen, 14, 0.2716, 20900
2022-04, 5500, Sachsen, 14, 0.679, 26400
2022-05, 5800, Sachsen, 14, 0.716, 32200
2022-06, 4700, Sachsen, 14, 0.5802, 36900
2022-07, -5500, Sachsen, 14, -0.5093, 31400
2022-08, 1200, Sachsen, 14, 0.1481, 32600
2022-09, 4600, Sachsen, 14, 0.5679, 37200
2022-10, 8100, Sachsen, 14, 1, 45300
2022-11, 5600, Sachsen, 14, 0.6914, 50900
2022-12, -6900, Sachsen, 14, -0.6389, 44000
2022-13, -10800, Sachsen, 14, -1, 33200
2022-14, -7000, Sachsen, 14, -0.6481, 26200
2022-15, -7600, Sachsen, 14, -0.7037, 18600
2022-16, -1300, Sachsen, 14, -0.1204, 17300
2022-17, -100, Sachsen, 14, -0.0093, 17200
2022-18, -3000, Sachsen, 14, -0.2778, 14200
2022-19, -2000, Sachsen, 14, -0.1852, 12200
2022-20, -1800, Sachsen, 14, -0.1667, 10400
2022-21, -2800, Sachsen, 14, -0.2593, 7600
2022-22, 1500, Sachsen, 14, 0.1852, 9100
2022-23, 100, Sachsen, 14, 0.0123, 9200
2022-24, 1300, Sachsen, 14, 0.1605, 10500
2022-25, 1600, Sachsen, 14, 0.1975, 12100
2022-26, 800, Sachsen, 14, 0.0988, 12900
2022-27, 600, Sachsen, 14, 0.0741, 13500
2022-28, 1000, Sachsen, 14, 0.1235, 14500
2022-29, 500, Sachsen, 14, 0.0617, 15000
2022-30, -1800, Sachsen, 14, -0.1667, 13200
2022-31, -1600, Sachsen, 14, -0.1481, 11600
2022-32, -900, Sachsen, 14, -0.0833, 10700
2022-33, -600, Sachsen, 14, -0.0556, 10100
2022-34, -100, Sachsen, 14, -0.0093, 10000
2022-35, 100, Sachsen, 14, 0.0123, 10100
2022-36, 200, Sachsen, 14, 0.0247, 10300
2022-37, 1000, Sachsen, 14, 0.1235, 11300
2022-38, 1100, Sachsen, 14, 0.1358, 12400
2022-39, 1700, Sachsen, 14, 0.2099, 14100
2022-40, 1400, Sachsen, 14, 0.1728, 15500
2022-41, 200, Sachsen, 14, 0.0247, 15700
2022-42, -2000, Sachsen, 14, -0.1852, 13700
2022-43, -2500, Sachsen, 14, -0.2315, 11200
2022-44, -1500, Sachsen, 14, -0.1389, 9700
2022-45, 100, Sachsen, 14, 0.0123, 9800
2022-46, -1400, Sachsen, 14, -0.1296, 8400
2022-47, 1300, Sachsen, 14, 0.1605, 9700
2022-48, 700, Sachsen, 14, 0.0864, 10400
2022-49, 500, Sachsen, 14, 0.0617, 10900
