Altersgruppe, Week, difference, trend, value
15-34, 2020-12, , , 7.4
15-34, 2020-13, 0.7, 0.0614, 8.1
15-34, 2020-14, -0.2, -0.0274, 7.9
15-34, 2020-15, -0.8, -0.1096, 7.1
15-34, 2020-16, -1.4, -0.1918, 5.7
15-34, 2020-17, -0.9, -0.1233, 4.8
15-34, 2020-18, -1.5, -0.2055, 3.3
15-34, 2020-19, -1, -0.137, 2.3
15-34, 2020-20, -0.4, -0.0548, 1.9
15-34, 2020-21, -0.3, -0.0411, 1.6
15-34, 2020-22, -0.3, -0.0411, 1.3
15-34, 2020-23, -0.2, -0.0274, 1.1
15-34, 2020-24, 0.1, 0.0088, 1.2
15-34, 2020-25, 0.1, 0.0088, 1.3
15-34, 2020-26, -0.4, -0.0548, 0.9
15-34, 2020-27, -0.1, -0.0137, 0.8
15-34, 2020-28, , , 0.8
15-34, 2020-29, 0.1, 0.0088, 0.9
15-34, 2020-30, , , 0.9
15-34, 2020-31, 0.3, 0.0263, 1.2
15-34, 2020-32, 0.2, 0.0175, 1.4
15-34, 2020-33, 0.1, 0.0088, 1.5
15-34, 2020-34, -0.2, -0.0274, 1.3
15-34, 2020-35, -0.2, -0.0274, 1.1
15-34, 2020-36, , , 1.1
15-34, 2020-37, 0.1, 0.0088, 1.2
15-34, 2020-38, 0.3, 0.0263, 1.5
15-34, 2020-39, -0.1, -0.0137, 1.4
15-34, 2020-40, 0.4, 0.0351, 1.8
15-34, 2020-41, 0.7, 0.0614, 2.5
15-34, 2020-42, 1.4, 0.1228, 3.9
15-34, 2020-43, 2.2, 0.193, 6.1
15-34, 2020-44, 1.4, 0.1228, 7.5
15-34, 2020-45, 0.7, 0.0614, 8.2
15-34, 2020-46, 0.9, 0.0789, 9.1
15-34, 2020-47, 0.1, 0.0088, 9.2
15-34, 2020-48, -0.5, -0.0685, 8.7
15-34, 2020-49, 0.8, 0.0702, 9.5
15-34, 2020-50, 0.8, 0.0702, 10.3
15-34, 2020-51, -0.8, -0.1096, 9.5
15-34, 2020-52, 1.4, 0.1228, 10.9
15-34, 2020-53, 3.4, 0.2982, 14.3
15-34, 2021-01, -1.8, -0.2466, 12.5
15-34, 2021-02, -2.8, -0.3836, 9.7
15-34, 2021-03, -0.9, -0.1233, 8.8
15-34, 2021-04, -1, -0.137, 7.8
15-34, 2021-05, -1.1, -0.1507, 6.7
15-34, 2021-06, -0.8, -0.1096, 5.9
15-34, 2021-07, , , 5.9
15-34, 2021-08, 0.6, 0.0526, 6.5
15-34, 2021-09, , , 6.5
15-34, 2021-10, 0.9, 0.0789, 7.4
15-34, 2021-11, 1.4, 0.1228, 8.8
15-34, 2021-12, 1.5, 0.1316, 10.3
15-34, 2021-13, 1.7, 0.1491, 12
15-34, 2021-14, 1.7, 0.1491, 13.7
15-34, 2021-15, 0.2, 0.0175, 13.9
15-34, 2021-16, 0.2, 0.0175, 14.1
15-34, 2021-17, -1.4, -0.1918, 12.7
15-34, 2021-18, -1.2, -0.1644, 11.5
15-34, 2021-19, -1, -0.137, 10.5
15-34, 2021-20, -2.8, -0.3836, 7.7
15-34, 2021-21, -2, -0.274, 5.7
15-34, 2021-22, -1.3, -0.1781, 4.4
15-34, 2021-23, -1, -0.137, 3.4
15-34, 2021-24, -1.3, -0.1781, 2.1
15-34, 2021-25, -0.6, -0.0822, 1.5
15-34, 2021-26, -0.2, -0.0274, 1.3
15-34, 2021-27, 0.5, 0.0439, 1.8
15-34, 2021-28, 1, 0.0877, 2.8
15-34, 2021-29, 0.9, 0.0789, 3.7
15-34, 2021-30, 1.2, 0.1053, 4.9
15-34, 2021-31, 1.6, 0.1404, 6.5
15-34, 2021-32, 3.1, 0.2719, 9.6
15-34, 2021-33, 3.3, 0.2895, 12.9
15-34, 2021-34, 1, 0.0877, 13.9
15-34, 2021-35, -0.3, -0.0411, 13.6
15-34, 2021-36, -1.7, -0.2329, 11.9
15-34, 2021-37, -1.8, -0.2466, 10.1
15-34, 2021-38, -2, -0.274, 8.1
15-34, 2021-39, -0.1, -0.0137, 8
15-34, 2021-40, -0.3, -0.0411, 7.7
15-34, 2021-41, 0.8, 0.0702, 8.5
15-34, 2021-42, 2.8, 0.2456, 11.3
15-34, 2021-43, 2.4, 0.2105, 13.7
15-34, 2021-44, 3.1, 0.2719, 16.8
15-34, 2021-45, 0.8, 0.0702, 17.6
15-34, 2021-46, 2.1, 0.1842, 19.7
15-34, 2021-47, 1, 0.0877, 20.7
15-34, 2021-48, -0.2, -0.0274, 20.5
15-34, 2021-49, -0.2, -0.0274, 20.3
15-34, 2021-50, -1.3, -0.1781, 19
15-34, 2021-51, -0.5, -0.0685, 18.5
15-34, 2021-52, 7.9, 0.693, 26.4
15-34, 2022-01, 3.2, 0.2807, 29.6
15-34, 2022-02, 2.8, 0.2456, 32.4
15-34, 2022-03, 8.1, 0.7105, 40.5
15-34, 2022-04, 7.8, 0.6842, 48.3
15-34, 2022-05, 3.4, 0.2982, 51.7
15-34, 2022-06, -0.4, -0.0548, 51.3
15-34, 2022-07, 2.8, 0.2456, 54.1
15-34, 2022-08, -0.4, -0.0548, 53.7
15-34, 2022-09, 5.7, 0.5, 59.4
15-34, 2022-10, 3.4, 0.2982, 62.8
15-34, 2022-11, 0.4, 0.0351, 63.2
15-34, 2022-12, -1.5, -0.2055, 61.7
15-34, 2022-13, -4.5, -0.6164, 57.2
15-34, 2022-14, -1.4, -0.1918, 55.8
15-34, 2022-15, 2.9, 0.2544, 58.7
15-34, 2022-16, -3.2, -0.4384, 55.5
15-34, 2022-17, -8.4, -1.1507, 47.1
15-34, 2022-18, -3.5, -0.4795, 43.6
15-34, 2022-19, -3.4, -0.4658, 40.2
15-34, 2022-20, -6.1, -0.8356, 34.1
15-34, 2022-21, -3.2, -0.4384, 30.9
15-34, 2022-22, 5.3, 0.4649, 36.2
15-34, 2022-23, 11.4, 1, 47.6
15-34, 2022-24, 2.9, 0.2544, 50.5
15-34, 2022-25, 4.5, 0.3947, 55
15-34, 2022-26, 1.3, 0.114, 56.3
15-34, 2022-27, -0.9, -0.1233, 55.4
15-34, 2022-28, 1.4, 0.1228, 56.8
15-34, 2022-29, -2.5, -0.3425, 54.3
15-34, 2022-30, -3.6, -0.4932, 50.7
15-34, 2022-31, -5.5, -0.7534, 45.2
15-34, 2022-32, -3.1, -0.4247, 42.1
15-34, 2022-33, -2.7, -0.3699, 39.4
15-34, 2022-34, -4.2, -0.5753, 35.2
15-34, 2022-35, -3.9, -0.5342, 31.3
15-34, 2022-36, -0.6, -0.0822, 30.7
15-34, 2022-37, 0.4, 0.0351, 31.1
15-34, 2022-38, 1.6, 0.1404, 32.7
15-34, 2022-39, 8, 0.7018, 40.7
15-34, 2022-40, 7.9, 0.693, 48.6
15-34, 2022-41, -3.2, -0.4384, 45.4
15-34, 2022-42, -2.9, -0.3973, 42.5
15-34, 2022-43, -6.3, -0.863, 36.2
15-34, 2022-44, -4.4, -0.6027, 31.8
15-34, 2022-45, -5.8, -0.7945, 26
15-34, 2022-46, -2.1, -0.2877, 23.9
15-34, 2022-47, , , 23.9
15-34, 2022-48, 1.3, 0.114, 25.2
15-34, 2022-49, 1.9, 0.1667, 27.1
15-34, 2022-50, 3, 0.2632, 30.1
15-34, 2022-51, 4.9, 0.4298, 35
15-34, 2022-52, -1.2, -0.1644, 33.8
15-34, 2023-01, -7.3, -1, 26.5
15-34, 2023-02, -6.8, -0.9315, 19.7
15-34, 2023-03, -1.8, -0.2466, 17.9
15-34, 2023-04, 4.2, 0.3684, 22.1
15-34, 2023-05, 3.8, 0.3333, 25.9
15-34, 2023-06, 1.1, 0.0965, 27
15-34, 2023-07, 3.4, 0.2982, 30.4
15-34, 2023-08, 7, 0.614, 37.4
15-34, 2023-09, -2.8, -0.3836, 34.6
15-34, 2023-10, -3.2, -0.4384, 31.4
15-34, 2023-11, -2.6, -0.3562, 28.8
15-34, 2023-12, -3.8, -0.5205, 25
15-34, 2023-13, -5.2, -0.7123, 19.8
15-34, 2023-14, -1.6, -0.2192, 18.2
15-34, 2023-15, -2.9, -0.3973, 15.3
15-34, 2023-16, -0.4, -0.0548, 14.9
15-34, 2023-17, -0.5, -0.0685, 14.4
15-34, 2023-18, -0.6, -0.0822, 13.8
