Week, difference, region, region_id, trend, value
2020-12, , Thüringen, 16, , 2.7
2020-13, -0.2, Thüringen, 16, -0.0104, 2.5
2020-14, 0.7, Thüringen, 16, 0.0321, 3.2
2020-15, 0.2, Thüringen, 16, 0.0092, 3.4
2020-16, -0.5, Thüringen, 16, -0.026, 2.9
2020-17, 0.6, Thüringen, 16, 0.0275, 3.5
2020-18, -1, Thüringen, 16, -0.0521, 2.5
2020-19, -0.1, Thüringen, 16, -0.0052, 2.4
2020-20, -0.5, Thüringen, 16, -0.026, 1.9
2020-21, 0.3, Thüringen, 16, 0.0138, 2.2
2020-22, -0.1, Thüringen, 16, -0.0052, 2.1
2020-23, -0.5, Thüringen, 16, -0.026, 1.6
2020-24, -0.6, Thüringen, 16, -0.0312, 1
2020-25, -0.5, Thüringen, 16, -0.026, 0.5
2020-26, , Thüringen, 16, , 0.5
2020-27, -0.4, Thüringen, 16, -0.0208, 0.1
2020-28, , Thüringen, 16, , 0.1
2020-29, 0.1, Thüringen, 16, 0.0046, 0.2
2020-30, 0.1, Thüringen, 16, 0.0046, 0.3
2020-31, , Thüringen, 16, , 0.3
2020-32, 0.3, Thüringen, 16, 0.0138, 0.6
2020-33, -0.2, Thüringen, 16, -0.0104, 0.4
2020-34, 0.3, Thüringen, 16, 0.0138, 0.7
2020-35, -0.3, Thüringen, 16, -0.0156, 0.4
2020-36, -0.1, Thüringen, 16, -0.0052, 0.3
2020-37, 0.8, Thüringen, 16, 0.0367, 1.1
2020-38, 0.4, Thüringen, 16, 0.0183, 1.5
2020-39, -0.5, Thüringen, 16, -0.026, 1
2020-40, 0.2, Thüringen, 16, 0.0092, 1.2
2020-41, 0.6, Thüringen, 16, 0.0275, 1.8
2020-42, 1, Thüringen, 16, 0.0459, 2.8
2020-43, 1.1, Thüringen, 16, 0.0505, 3.9
2020-44, 3.1, Thüringen, 16, 0.1422, 7
2020-45, 0.3, Thüringen, 16, 0.0138, 7.3
2020-46, 0.1, Thüringen, 16, 0.0046, 7.4
2020-47, 1.8, Thüringen, 16, 0.0826, 9.2
2020-48, 0.9, Thüringen, 16, 0.0413, 10.1
2020-49, 1.8, Thüringen, 16, 0.0826, 11.9
2020-50, 2.3, Thüringen, 16, 0.1055, 14.2
2020-51, 2.2, Thüringen, 16, 0.1009, 16.4
2020-52, 12.5, Thüringen, 16, 0.5734, 28.9
2020-53, 4.9, Thüringen, 16, 0.2248, 33.8
2021-01, -7.1, Thüringen, 16, -0.3698, 26.7
2021-02, -7.4, Thüringen, 16, -0.3854, 19.3
2021-03, 0.1, Thüringen, 16, 0.0046, 19.4
2021-04, -2.2, Thüringen, 16, -0.1146, 17.2
2021-05, -0.8, Thüringen, 16, -0.0417, 16.4
2021-06, -1.6, Thüringen, 16, -0.0833, 14.8
2021-07, 4.3, Thüringen, 16, 0.1972, 19.1
2021-08, -0.7, Thüringen, 16, -0.0365, 18.4
2021-09, -2.8, Thüringen, 16, -0.1458, 15.6
2021-10, -1.3, Thüringen, 16, -0.0677, 14.3
2021-11, 2.6, Thüringen, 16, 0.1193, 16.9
2021-12, 1.2, Thüringen, 16, 0.055, 18.1
2021-13, 6, Thüringen, 16, 0.2752, 24.1
2021-14, -1.5, Thüringen, 16, -0.0781, 22.6
2021-15, -0.9, Thüringen, 16, -0.0469, 21.7
2021-16, -2.6, Thüringen, 16, -0.1354, 19.1
2021-17, -0.3, Thüringen, 16, -0.0156, 18.8
2021-18, -0.9, Thüringen, 16, -0.0469, 17.9
2021-19, -2.2, Thüringen, 16, -0.1146, 15.7
2021-20, -3.9, Thüringen, 16, -0.2031, 11.8
2021-21, -3.6, Thüringen, 16, -0.1875, 8.2
2021-22, -2.6, Thüringen, 16, -0.1354, 5.6
2021-23, -1.5, Thüringen, 16, -0.0781, 4.1
2021-24, -1.8, Thüringen, 16, -0.0938, 2.3
2021-25, -1, Thüringen, 16, -0.0521, 1.3
2021-26, 0.3, Thüringen, 16, 0.0138, 1.6
2021-27, -1, Thüringen, 16, -0.0521, 0.6
2021-28, 0.1, Thüringen, 16, 0.0046, 0.7
2021-29, 0.2, Thüringen, 16, 0.0092, 0.9
2021-30, 0.9, Thüringen, 16, 0.0413, 1.8
2021-31, -0.2, Thüringen, 16, -0.0104, 1.6
2021-32, 0.8, Thüringen, 16, 0.0367, 2.4
2021-33, 0.9, Thüringen, 16, 0.0413, 3.3
2021-34, 5.3, Thüringen, 16, 0.2431, 8.6
2021-35, 2.7, Thüringen, 16, 0.1239, 11.3
2021-36, -0.8, Thüringen, 16, -0.0417, 10.5
2021-37, -1.1, Thüringen, 16, -0.0573, 9.4
2021-38, -0.2, Thüringen, 16, -0.0104, 9.2
2021-39, 0.7, Thüringen, 16, 0.0321, 9.9
2021-40, -0.4, Thüringen, 16, -0.0208, 9.5
2021-41, 3.5, Thüringen, 16, 0.1606, 13
2021-42, 5.9, Thüringen, 16, 0.2706, 18.9
2021-43, 11.2, Thüringen, 16, 0.5138, 30.1
2021-44, 2.2, Thüringen, 16, 0.1009, 32.3
2021-45, 1.9, Thüringen, 16, 0.0872, 34.2
2021-46, 4.8, Thüringen, 16, 0.2202, 39
2021-47, 5.4, Thüringen, 16, 0.2477, 44.4
2021-48, 1.8, Thüringen, 16, 0.0826, 46.2
2021-49, 1, Thüringen, 16, 0.0459, 47.2
2021-50, -4.5, Thüringen, 16, -0.2344, 42.7
2021-51, 1.1, Thüringen, 16, 0.0505, 43.8
2021-52, -3.2, Thüringen, 16, -0.1667, 40.6
2022-01, -13.5, Thüringen, 16, -0.7031, 27.1
2022-02, -5.7, Thüringen, 16, -0.2969, 21.4
2022-03, 7.5, Thüringen, 16, 0.344, 28.9
2022-04, 7.6, Thüringen, 16, 0.3486, 36.5
2022-05, 11.6, Thüringen, 16, 0.5321, 48.1
2022-06, 4.9, Thüringen, 16, 0.2248, 53
2022-07, 10.2, Thüringen, 16, 0.4679, 63.2
2022-08, 0.4, Thüringen, 16, 0.0183, 63.6
2022-09, -3.3, Thüringen, 16, -0.1719, 60.3
2022-10, 8.4, Thüringen, 16, 0.3853, 68.7
2022-11, 0.4, Thüringen, 16, 0.0183, 69.1
2022-12, 0.8, Thüringen, 16, 0.0367, 69.9
2022-13, -2.3, Thüringen, 16, -0.1198, 67.6
2022-14, -5.8, Thüringen, 16, -0.3021, 61.8
2022-15, 6.5, Thüringen, 16, 0.2982, 68.3
2022-16, -2.3, Thüringen, 16, -0.1198, 66
2022-17, -9.8, Thüringen, 16, -0.5104, 56.2
2022-18, -7.6, Thüringen, 16, -0.3958, 48.6
2022-19, -5.3, Thüringen, 16, -0.276, 43.3
2022-20, -6.5, Thüringen, 16, -0.3385, 36.8
2022-21, -3.5, Thüringen, 16, -0.1823, 33.3
2022-22, -2, Thüringen, 16, -0.1042, 31.3
2022-23, 13.8, Thüringen, 16, 0.633, 45.1
2022-24, 9.5, Thüringen, 16, 0.4358, 54.6
2022-25, 6.4, Thüringen, 16, 0.2936, 61
2022-26, 4.9, Thüringen, 16, 0.2248, 65.9
2022-27, -4.8, Thüringen, 16, -0.25, 61.1
2022-28, 2.6, Thüringen, 16, 0.1193, 63.7
2022-29, , Thüringen, 16, , 63.7
2022-30, 1.1, Thüringen, 16, 0.0505, 64.8
2022-31, -9.2, Thüringen, 16, -0.4792, 55.6
2022-32, 6.4, Thüringen, 16, 0.2936, 62
2022-33, -6.9, Thüringen, 16, -0.3594, 55.1
2022-34, 0.3, Thüringen, 16, 0.0138, 55.4
2022-35, -1.2, Thüringen, 16, -0.0625, 54.2
2022-36, 3, Thüringen, 16, 0.1376, 57.2
2022-37, -7.5, Thüringen, 16, -0.3906, 49.7
2022-38, 7.5, Thüringen, 16, 0.344, 57.2
2022-39, 3.6, Thüringen, 16, 0.1651, 60.8
2022-40, 4.3, Thüringen, 16, 0.1972, 65.1
2022-41, -3.3, Thüringen, 16, -0.1719, 61.8
2022-42, 0.9, Thüringen, 16, 0.0413, 62.7
2022-43, -5.2, Thüringen, 16, -0.2708, 57.5
2022-44, -7.7, Thüringen, 16, -0.401, 49.8
2022-45, -5.8, Thüringen, 16, -0.3021, 44
2022-46, -7.7, Thüringen, 16, -0.401, 36.3
2022-47, 2.9, Thüringen, 16, 0.133, 39.2
2022-48, 0.4, Thüringen, 16, 0.0183, 39.6
2022-49, -1.9, Thüringen, 16, -0.099, 37.7
2022-50, 2.2, Thüringen, 16, 0.1009, 39.9
2022-51, 8.8, Thüringen, 16, 0.4037, 48.7
2022-52, 4.7, Thüringen, 16, 0.2156, 53.4
2023-01, -19.2, Thüringen, 16, -1, 34.2
2023-02, -4.2, Thüringen, 16, -0.2188, 30
2023-03, -3.2, Thüringen, 16, -0.1667, 26.8
2023-04, 1.8, Thüringen, 16, 0.0826, 28.6
2023-05, 11.9, Thüringen, 16, 0.5459, 40.5
2023-06, -6, Thüringen, 16, -0.3125, 34.5
2023-07, 4.7, Thüringen, 16, 0.2156, 39.2
2023-08, 12, Thüringen, 16, 0.5505, 51.2
2023-09, 7.6, Thüringen, 16, 0.3486, 58.8
2023-10, -2.5, Thüringen, 16, -0.1302, 56.3
2023-11, -11.4, Thüringen, 16, -0.5937, 44.9
2023-12, 9.4, Thüringen, 16, 0.4312, 54.3
2023-13, -18.9, Thüringen, 16, -0.9844, 35.4
2023-14, 21.8, Thüringen, 16, 1, 57.2
