Week, difference, region, region_id, trend, value
2020-12, , Rheinland-Pfalz, 7, , 7900
2020-13, -300, Rheinland-Pfalz, 7, -0.0337, 7600
2020-14, -600, Rheinland-Pfalz, 7, -0.0674, 7000
2020-15, -1200, Rheinland-Pfalz, 7, -0.1348, 5800
2020-16, -400, Rheinland-Pfalz, 7, -0.0449, 5400
2020-17, 2300, Rheinland-Pfalz, 7, 0.46, 7700
2020-18, -500, Rheinland-Pfalz, 7, -0.0562, 7200
2020-19, 1200, Rheinland-Pfalz, 7, 0.24, 8400
2020-20, -400, Rheinland-Pfalz, 7, -0.0449, 8000
2020-21, -1400, Rheinland-Pfalz, 7, -0.1573, 6600
2020-22, 800, Rheinland-Pfalz, 7, 0.16, 7400
2020-23, -100, Rheinland-Pfalz, 7, -0.0112, 7300
2020-24, -1100, Rheinland-Pfalz, 7, -0.1236, 6200
2020-25, 800, Rheinland-Pfalz, 7, 0.16, 7000
2020-26, 400, Rheinland-Pfalz, 7, 0.08, 7400
2020-27, 1000, Rheinland-Pfalz, 7, 0.2, 8400
2020-28, 300, Rheinland-Pfalz, 7, 0.06, 8700
2020-29, 100, Rheinland-Pfalz, 7, 0.02, 8800
2020-30, 600, Rheinland-Pfalz, 7, 0.12, 9400
2020-31, , Rheinland-Pfalz, 7, , 9400
2020-32, 4100, Rheinland-Pfalz, 7, 0.82, 13500
2020-33, 3000, Rheinland-Pfalz, 7, 0.6, 16500
2020-34, 300, Rheinland-Pfalz, 7, 0.06, 16800
2020-35, 3900, Rheinland-Pfalz, 7, 0.78, 20700
2020-36, 100, Rheinland-Pfalz, 7, 0.02, 20800
2020-37, 100, Rheinland-Pfalz, 7, 0.02, 20900
2020-38, -700, Rheinland-Pfalz, 7, -0.0787, 20200
2020-39, , Rheinland-Pfalz, 7, , 20200
2020-40, -1500, Rheinland-Pfalz, 7, -0.1685, 18700
2020-41, 800, Rheinland-Pfalz, 7, 0.16, 19500
2020-42, 1200, Rheinland-Pfalz, 7, 0.24, 20700
2020-43, 5800, Rheinland-Pfalz, 7, 1.16, 26500
2020-44, 6300, Rheinland-Pfalz, 7, 1.26, 32800
2020-45, 400, Rheinland-Pfalz, 7, 0.08, 33200
2020-46, -2700, Rheinland-Pfalz, 7, -0.3034, 30500
2020-47, 3100, Rheinland-Pfalz, 7, 0.62, 33600
2020-48, -1600, Rheinland-Pfalz, 7, -0.1798, 32000
2020-49, -2500, Rheinland-Pfalz, 7, -0.2809, 29500
2020-50, 3700, Rheinland-Pfalz, 7, 0.74, 33200
2020-51, 2300, Rheinland-Pfalz, 7, 0.46, 35500
2020-52, -12500, Rheinland-Pfalz, 7, -1.4045, 23000
2020-53, -4200, Rheinland-Pfalz, 7, -0.4719, 18800
2021-01, 8900, Rheinland-Pfalz, 7, 1.78, 27700
2021-02, -1800, Rheinland-Pfalz, 7, -0.2022, 25900
2021-03, 100, Rheinland-Pfalz, 7, 0.02, 26000
2021-04, 100, Rheinland-Pfalz, 7, 0.02, 26100
2021-05, 1300, Rheinland-Pfalz, 7, 0.26, 27400
2021-06, -2100, Rheinland-Pfalz, 7, -0.236, 25300
2021-07, -400, Rheinland-Pfalz, 7, -0.0449, 24900
2021-08, -800, Rheinland-Pfalz, 7, -0.0899, 24100
2021-09, , Rheinland-Pfalz, 7, , 24100
2021-10, 2000, Rheinland-Pfalz, 7, 0.4, 26100
2021-11, 2600, Rheinland-Pfalz, 7, 0.52, 28700
2021-12, 6700, Rheinland-Pfalz, 7, 1.34, 35400
2021-13, -5100, Rheinland-Pfalz, 7, -0.573, 30300
2021-14, -1200, Rheinland-Pfalz, 7, -0.1348, 29100
2021-15, 3400, Rheinland-Pfalz, 7, 0.68, 32500
2021-16, 1700, Rheinland-Pfalz, 7, 0.34, 34200
2021-17, -1500, Rheinland-Pfalz, 7, -0.1685, 32700
2021-18, -3400, Rheinland-Pfalz, 7, -0.382, 29300
2021-19, -6400, Rheinland-Pfalz, 7, -0.7191, 22900
2021-20, 900, Rheinland-Pfalz, 7, 0.18, 23800
2021-21, -4700, Rheinland-Pfalz, 7, -0.5281, 19100
2021-22, -1800, Rheinland-Pfalz, 7, -0.2022, 17300
2021-23, -1900, Rheinland-Pfalz, 7, -0.2135, 15400
2021-24, -1000, Rheinland-Pfalz, 7, -0.1124, 14400
2021-25, -600, Rheinland-Pfalz, 7, -0.0674, 13800
2021-26, -100, Rheinland-Pfalz, 7, -0.0112, 13700
2021-27, 900, Rheinland-Pfalz, 7, 0.18, 14600
2021-28, 1100, Rheinland-Pfalz, 7, 0.22, 15700
2021-29, -900, Rheinland-Pfalz, 7, -0.1011, 14800
2021-30, -1400, Rheinland-Pfalz, 7, -0.1573, 13400
2021-31, 300, Rheinland-Pfalz, 7, 0.06, 13700
2021-32, , Rheinland-Pfalz, 7, , 13700
2021-33, 900, Rheinland-Pfalz, 7, 0.18, 14600
2021-34, 1400, Rheinland-Pfalz, 7, 0.28, 16000
2021-35, 6000, Rheinland-Pfalz, 7, 1.2, 22000
2021-36, 4600, Rheinland-Pfalz, 7, 0.92, 26600
2021-37, -3300, Rheinland-Pfalz, 7, -0.3708, 23300
2021-38, -1800, Rheinland-Pfalz, 7, -0.2022, 21500
2021-39, -1000, Rheinland-Pfalz, 7, -0.1124, 20500
2021-40, 2700, Rheinland-Pfalz, 7, 0.54, 23200
2021-41, -3500, Rheinland-Pfalz, 7, -0.3933, 19700
2021-42, 600, Rheinland-Pfalz, 7, 0.12, 20300
2021-43, 4800, Rheinland-Pfalz, 7, 0.96, 25100
2021-44, 3800, Rheinland-Pfalz, 7, 0.76, 28900
2021-45, 8000, Rheinland-Pfalz, 7, 1.6, 36900
2021-46, 8600, Rheinland-Pfalz, 7, 1.72, 45500
2021-47, 3900, Rheinland-Pfalz, 7, 0.78, 49400
2021-48, 800, Rheinland-Pfalz, 7, 0.16, 50200
2021-49, -5100, Rheinland-Pfalz, 7, -0.573, 45100
2021-50, -6900, Rheinland-Pfalz, 7, -0.7753, 38200
2021-51, -8300, Rheinland-Pfalz, 7, -0.9326, 29900
2021-52, -3900, Rheinland-Pfalz, 7, -0.4382, 26000
2022-01, 16900, Rheinland-Pfalz, 7, 3.38, 42900
2022-02, 14300, Rheinland-Pfalz, 7, 2.86, 57200
2022-03, 8100, Rheinland-Pfalz, 7, 1.62, 65300
2022-04, 1300, Rheinland-Pfalz, 7, 0.26, 66600
2022-05, -1200, Rheinland-Pfalz, 7, -0.1348, 65400
2022-06, -3100, Rheinland-Pfalz, 7, -0.3483, 62300
2022-07, -10500, Rheinland-Pfalz, 7, -1.1798, 51800
2022-08, -7300, Rheinland-Pfalz, 7, -0.8202, 44500
2022-09, 10900, Rheinland-Pfalz, 7, 2.18, 55400
2022-10, 7700, Rheinland-Pfalz, 7, 1.54, 63100
2022-11, 8300, Rheinland-Pfalz, 7, 1.66, 71400
2022-12, -1200, Rheinland-Pfalz, 7, -0.1348, 70200
2022-13, -15500, Rheinland-Pfalz, 7, -1.7416, 54700
2022-14, -11000, Rheinland-Pfalz, 7, -1.236, 43700
2022-15, -8900, Rheinland-Pfalz, 7, -1, 34800
2022-16, -5800, Rheinland-Pfalz, 7, -0.6517, 29000
2022-17, -3000, Rheinland-Pfalz, 7, -0.3371, 26000
2022-18, -3600, Rheinland-Pfalz, 7, -0.4045, 22400
2022-19, -3100, Rheinland-Pfalz, 7, -0.3483, 19300
2022-20, -3400, Rheinland-Pfalz, 7, -0.382, 15900
2022-21, -2900, Rheinland-Pfalz, 7, -0.3258, 13000
2022-22, 2700, Rheinland-Pfalz, 7, 0.54, 15700
2022-23, 3500, Rheinland-Pfalz, 7, 0.7, 19200
2022-24, , Rheinland-Pfalz, 7, , 19200
2022-25, 4200, Rheinland-Pfalz, 7, 0.84, 23400
2022-26, 700, Rheinland-Pfalz, 7, 0.14, 24100
2022-27, 1800, Rheinland-Pfalz, 7, 0.36, 25900
2022-28, 2600, Rheinland-Pfalz, 7, 0.52, 28500
2022-29, -3500, Rheinland-Pfalz, 7, -0.3933, 25000
2022-30, -5900, Rheinland-Pfalz, 7, -0.6629, 19100
2022-31, -3700, Rheinland-Pfalz, 7, -0.4157, 15400
2022-32, -1200, Rheinland-Pfalz, 7, -0.1348, 14200
2022-33, -1700, Rheinland-Pfalz, 7, -0.191, 12500
2022-34, -700, Rheinland-Pfalz, 7, -0.0787, 11800
2022-35, 600, Rheinland-Pfalz, 7, 0.12, 12400
2022-36, 1100, Rheinland-Pfalz, 7, 0.22, 13500
2022-37, 1300, Rheinland-Pfalz, 7, 0.26, 14800
2022-38, 3700, Rheinland-Pfalz, 7, 0.74, 18500
2022-39, 5000, Rheinland-Pfalz, 7, 1, 23500
2022-40, 4400, Rheinland-Pfalz, 7, 0.88, 27900
2022-41, -400, Rheinland-Pfalz, 7, -0.0449, 27500
2022-42, -4800, Rheinland-Pfalz, 7, -0.5393, 22700
2022-43, -5400, Rheinland-Pfalz, 7, -0.6067, 17300
2022-44, -4200, Rheinland-Pfalz, 7, -0.4719, 13100
2022-45, , Rheinland-Pfalz, 7, , 13100
2022-46, , Rheinland-Pfalz, 7, , 13100
2022-47, -400, Rheinland-Pfalz, 7, -0.0449, 12700
2022-48, -1300, Rheinland-Pfalz, 7, -0.1461, 11400
2022-49, 700, Rheinland-Pfalz, 7, 0.14, 12100
2022-50, 500, Rheinland-Pfalz, 7, 0.1, 12600
2022-51, -1200, Rheinland-Pfalz, 7, -0.1348, 11400
2022-52, -2200, Rheinland-Pfalz, 7, -0.2472, 9200
2023-01, 1000, Rheinland-Pfalz, 7, 0.2, 10200
2023-02, -1300, Rheinland-Pfalz, 7, -0.1461, 8900
2023-03, -700, Rheinland-Pfalz, 7, -0.0787, 8200
2023-04, -300, Rheinland-Pfalz, 7, -0.0337, 7900
2023-05, , Rheinland-Pfalz, 7, , 7900
2023-06, 400, Rheinland-Pfalz, 7, 0.08, 8300
2023-07, 200, Rheinland-Pfalz, 7, 0.04, 8500
2023-08, 1600, Rheinland-Pfalz, 7, 0.32, 10100
2023-09, -4400, Rheinland-Pfalz, 7, -0.4944, 5700
2023-10, -3000, Rheinland-Pfalz, 7, -0.3371, 2700
2023-11, -300, Rheinland-Pfalz, 7, -0.0337, 2400
2023-12, -600, Rheinland-Pfalz, 7, -0.0674, 1800
2023-13, -500, Rheinland-Pfalz, 7, -0.0562, 1300
2023-14, -1200, Rheinland-Pfalz, 7, -0.1348, 100
